0.00321563 -0.00126883 0.241756 -0.00769491 0 0 3 0.00808982 -0.00202019 0.25 37.979000000
0.0032571 -0.00117538 0.24171 0.0205116 0 0 3 0.00810732 -0.00202059 0.249998 38.096000000
0.00326793 -0.00114906 0.241712 0.0284127 0 0 3 0.00811902 -0.00202092 0.25 38.193000000
0.00317305 -0.00132949 0.240809 -0.0214427 0 0 3 0.00813123 -0.00202129 0.25 38.290000000
0.00318955 -0.00130409 0.240741 -0.0118336 0 0 3 0.00814514 -0.00202162 0.25 38.390000000
0.00322878 -0.00120489 0.240752 0.0183467 0 0 3 0.008207 -0.00202769 0.25 38.490000000
0.00322898 -0.00130248 0.241548 -0.0158954 0 0 3 0.00822106 -0.00202805 0.25 38.592000000
0.00325976 -0.0012447 0.241447 0.0033846 0 0 3 0.0082339 -0.00202837 0.25 38.687000000
0.00324659 -0.00126094 0.241432 -0.00196348 0 0 3 0.008247 -0.00202876 0.25 38.793000000
0.00326043 -0.00122778 0.241421 0.00860916 0 0 3 0.00826046 -0.00202912 0.25 38.895000000
0.00328299 -0.00128337 0.241602 -0.00982975 0 0 3 0.00827389 -0.00202948 0.25 38.997000000
0.00329812 -0.00124856 0.241545 0.000496644 0 0 3 0.00833625 -0.00203553 0.25 39.092000000
0.00334233 -0.00114986 0.241467 0.0311305 0 0 3 0.00834907 -0.00203588 0.25 39.189000000
0.00334547 -0.00115914 0.241412 0.0286124 0 0 3 0.00836258 -0.00203627 0.25 39.291000000
0.00332455 -0.00122299 0.241414 0.00902924 0 0 3 0.00837528 -0.00203661 0.25 39.388000000
0.00333159 -0.00120765 0.241362 0.0147224 0 0 3 0.00839109 -0.00203694 0.249998 39.491000000
0.00328341 -0.00134091 0.241308 -0.0254705 0 0 3 0.00842727 -0.00203864 0.249997 39.591000000
0.00331813 -0.00134058 0.23666 0.00696933 0 0 3 0.00846474 -0.00204335 0.25 39.690000000
0.00331947 -0.00146884 0.236977 -0.0342697 0 0 3 0.00848059 -0.00204372 0.249998 39.793000000
0.00343402 -0.00141195 0.236952 -0.0184527 0 0 3 0.00849176 -0.00204411 0.25 39.893000000
0.00341651 -0.00144275 0.237008 -0.025831 0 0 3 0.00850456 -0.00204443 0.25 39.991000000
0.00348994 -0.00128562 0.236852 0.0207284 0 0 3 0.00851834 -0.00204478 0.25 40.089000000
0.00342257 -0.00143733 0.237039 -0.0245252 0 0 3 0.00858223 -0.00205087 0.25 40.199000000
0.00350983 -0.00139989 0.237692 -0.00747414 0 0 3 0.00859516 -0.0020512 0.25 40.295000000
0.00349595 -0.00147038 0.237539 -0.0264061 0 0 3 0.00860673 -0.00205155 0.25 40.388000000
0.00349665 -0.00147506 0.23754 -0.0278731 0 0 3 0.00862249 -0.00205191 0.249998 40.491000000
0.00358155 -0.00125422 0.237534 0.0342663 0 0 3 0.0086336 -0.00205231 0.25 40.592000000
0.00349151 -0.00145049 0.237525 -0.0202367 0 0 3 0.00864782 -0.00205269 0.25 40.699000000
0.00352713 -0.0013766 0.237543 0.000286441 0 0 3 0.00871065 -0.00205871 0.25 40.792000000
0.00357224 -0.00127932 0.237549 0.0230561 0 0 3 0.00872459 -0.00205904 0.249998 40.889000000
0.00355683 -0.00135129 0.237473 0.0072432 0 0 3 0.00873669 -0.00205943 0.25 40.997000000
0.00352767 -0.00143158 0.237431 -0.0148625 0 0 3 0.00875061 -0.00205977 0.25 41.093000000
0.0035636 -0.00134753 0.237377 0.008978 0 0 3 0.00876431 -0.00206011 0.249998 41.189000000
0.00355393 -0.00137505 0.237358 0.00106855 0 0 3 0.00877538 -0.00206051 0.25 41.289000000
0.0035561 -0.0013804 0.237383 -0.00112367 0 0 3 0.00883824 -0.00206654 0.25 41.386000000
0.00361179 -0.00127219 0.237222 0.0323277 0 0 3 0.00885152 -0.00206691 0.25 41.491000000
0.00355247 -0.00144136 0.237211 -0.0151655 0 0 3 0.00886547 -0.00206725 0.25 41.589000000
0.00359865 -0.00132182 0.237211 0.0182617 0 0 3 0.00887999 -0.00206762 0.249998 41.690000000
0.00358193 -0.00138255 0.23719 0.00118227 0 0 3 0.00889108 -0.00206801 0.25 41.790000000
0.00360641 -0.00132203 0.237174 0.0181357 0 0 3 0.0089512 -0.00207074 0.25 41.889000000
0.00359331 -0.0014107 0.237096 -0.00770148 0 0 3 0.00896709 -0.00207442 0.25 41.990000000
0.00364365 -0.00128727 0.237016 0.0265962 0 0 3 0.00897988 -0.00207477 0.25 42.087000000
0.00358416 -0.00144132 0.237029 -0.0158676 0 0 3 0.00899454 -0.00207515 0.25 42.189000000
0.00359225 -0.00143104 0.236925 -0.0110426 0 0 3 0.00900766 -0.00207552 0.25 42.296000000
0.00363885 -0.00131118 0.236974 0.0207389 0 0 3 0.00902177 -0.00207584 0.249998 42.388000000
0.00365694 -0.00128735 0.236966 0.0284598 0 0 3 0.00908336 -0.00208194 0.25 42.495000000
0.00358534 -0.00151239 0.236807 -0.0308327 0 0 3 0.00909747 -0.00208229 0.25 42.594000000
0.00367494 -0.00129252 0.236813 0.0305713 0 0 3 0.00910976 -0.00208267 0.25 42.692000000
0.00363514 -0.00140056 0.236813 0.00101499 0 0 3 0.00912253 -0.00208302 0.25 42.790000000
0.00416285 -0.00147238 0.238866 -0.0297008 0 0 3 0.00913633 -0.00208338 0.25 42.890000000
0.00397442 -0.00145162 0.238072 -0.0222917 0 0 3 0.00914983 -0.00208371 0.25 42.990000000
0.00432965 -0.00130073 0.239226 0.0105421 0 0 3 0.00921324 -0.00208979 0.249998 43.088000000
0.00467761 -0.00118638 0.241183 0.026388 0 0 3 0.00922583 -0.00209016 0.25 43.191000000
0.00488287 -0.0013375 0.242801 -0.0114067 0 0 3 0.00923816 -0.00209054 0.25 43.290000000
0.00472771 -0.00144613 0.241941 -0.0312862 0 0 3 0.00925206 -0.00209087 0.25 43.389000000
0.00473391 -0.00146024 0.241984 -0.0343706 0 0 3 0.00926509 -0.00209127 0.25 43.494000000
0.00489298 -0.00130174 0.2428 -0.00381686 0 0 3 0.00929107 -0.00209256 0.249993 43.589000000
0.00503099 -0.00140576 0.243764 -0.0314148 0 0 3 0.00934321 -0.00209771 0.249998 43.696000000
0.00512239 -0.00136124 0.244127 -0.0191866 0 0 3 0.00935444 -0.00209811 0.25 43.795000000
0.00537165 -0.0010653 0.245127 0.031939 0 0 3 0.00936873 -0.00209841 0.249998 43.888000000
0.00534092 -0.00109128 0.245333 0.0271598 0 0 3 0.00938064 -0.00209883 0.25 43.993000000
0.00542471 -0.00109323 0.245983 0.0235768 0 0 3 0.00939407 -0.0020992 0.25 44.095000000
0.00545682 -0.00130255 0.246623 -0.0172616 0 0 3 0.00945641 -0.00210543 0.25 44.192000000
0.00581437 -0.00118359 0.247784 0.00180256 0 0 3 0.00947155 -0.0021056 0.249998 44.292000000
0.00567386 -0.00133597 0.244608 -0.00968706 0 0 3 0.00948207 -0.00210595 0.25 44.387000000
0.00578953 -0.00116381 0.24531 0.0171918 0 0 3 0.009496 -0.00210629 0.25 44.485000000
0.00584504 -0.00123362 0.245946 -0.000104156 0 0 3 0.00950939 -0.00210668 0.25 44.587000000
0.00594008 -0.00115107 0.246696 0.0107278 0 0 3 0.00952282 -0.00210705 0.25 44.690000000
0.00601105 -0.00119436 0.247465 0.00117573 0 0 3 0.0095848 -0.00211313 0.25 44.791000000
0.0062841 -0.00134597 0.250405 -0.0331972 0 0 3 0.00960116 -0.00211357 0.25 44.895000000
0.00632872 -0.00123405 0.246967 -0.0053888 0 0 3 0.00961112 -0.00211386 0.25 44.987000000
0.00636567 -0.000962813 0.249797 0.0291107 0 0 3 0.00962771 -0.00211425 0.249998 45.098000000
0.00636609 -0.000962664 0.249815 0.0290368 0 0 3 0.00963801 -0.00211463 0.25 45.191000000
0.0063615 -0.00105895 0.249768 0.0143839 0 0 3 0.00965299 -0.00211494 0.249998 45.290000000
0.0063262 -0.00125267 0.249768 -0.0161498 0 0 3 0.00971468 -0.00212108 0.25 45.396000000
0.00646099 -0.00104558 0.25007 0.0155602 0 0 3 0.00972668 -0.00212141 0.25 45.487000000
0.00655642 -0.00105686 0.251609 0.00867742 0 0 3 0.00974096 -0.00212183 0.25 45.595000000
0.00653914 -0.00118399 0.251599 -0.0112864 0 0 3 0.00975369 -0.00212215 0.25 45.690000000
0.00657265 -0.00103011 0.251563 0.0120159 0 0 3 0.00976639 -0.0021225 0.25 45.789000000
0.00652985 -0.00126955 0.251533 -0.0244203 0 0 3 0.00980741 -0.00212426 0.249999 45.885000000
0.00657901 -0.00114512 0.251354 -0.00533201 0 0 3 0.00984226 -0.00212896 0.25 45.991000000
0.00661914 -0.000949125 0.251316 0.0253815 0 0 3 0.00985573 -0.00212936 0.25 46.090000000
0.0066348 -0.000975812 0.251149 0.0218278 0 0 3 0.00986976 -0.00212968 0.25 46.189000000
0.00654987 -0.00124417 0.250447 -0.0130016 0 0 3 0.00988281 -0.00213008 0.25 46.294000000
0.00658695 -0.00125227 0.25116 -0.0200807 0 0 3 0.00989665 -0.00213042 0.25 46.392000000
0.00664315 -0.000942029 0.251177 0.0262544 0 0 3 0.00995847 -0.00213653 0.25 46.493000000
0.00662512 -0.00119794 0.251026 -0.0116572 0 0 3 0.0099721 -0.00213692 0.25 46.595000000
0.00665295 -0.00104379 0.251 0.0118199 0 0 3 0.00998401 -0.00213728 0.25 46.686000000
0.00667141 -0.000918316 0.251 0.030653 0 0 3 0.00999955 -0.00213766 0.25 46.797000000
0.00664975 -0.00108531 0.251031 0.00497164 0 0 3 0.010011 -0.002138 0.25 46.889000000
0.00666523 -0.0010561 0.251025 0.00976314 0 0 3 0.0100248 -0.00213836 0.25 46.990000000
0.00668947 -0.000963893 0.250925 0.0237725 0 0 3 0.0100888 -0.0021445 0.25 47.099000000
0.00669454 -0.00116423 0.250694 -0.00548942 0 0 3 0.0101016 -0.00214486 0.25 47.194000000
0.00673775 -0.000936047 0.250653 0.0283265 0 0 3 0.0101154 -0.00214519 0.249998 47.290000000
0.00668757 -0.00118165 0.250751 -0.00836478 0 0 3 0.0101278 -0.00214558 0.25 47.394000000
0.00674553 -0.000991606 0.25055 0.0206984 0 0 3 0.0101421 -0.00214595 0.25 47.500000000
0.00671698 -0.00105043 0.250685 0.0115821 0 0 3 0.0101607 -0.00214679 0.249999 47.591000000
0.00674792 -0.00094159 0.250641 0.0273636 0 0 3 0.0102158 -0.00215244 0.25 47.691000000
0.00674751 -0.00115336 0.250492 -0.00255233 0 0 3 0.0102295 -0.00215279 0.25 47.794000000
0.00672935 -0.00127845 0.250437 -0.0211714 0 0 3 0.0102434 -0.00215316 0.25 47.894000000
0.00678723 -0.000935382 0.250418 0.0300993 0 0 3 0.0102568 -0.00215353 0.25 47.995000000
0.00678748 -0.000948777 0.250356 0.0279941 0 0 3 0.0102699 -0.00215391 0.25 48.098000000
0.00672908 -0.00131032 0.250377 -0.0259817 0 0 3 0.0103329 -0.00216005 0.25 48.202000000
0.00669228 -0.00113811 0.242157 0.0252155 0 0 3 0.010345 -0.00216037 0.25 48.293000000
0.00669229 -0.00113537 0.247644 0.00845941 0 0 3 0.010359 -0.00216072 0.25 48.392000000
0.00668228 -0.00123409 0.247605 -0.00614252 0 0 3 0.0103721 -0.00216112 0.25 48.497000000
0.00670132 -0.00114814 0.247581 0.00695535 0 0 3 0.0103855 -0.0021615 0.25 48.600000000
0.00667913 -0.00130435 0.247561 -0.0166808 0 0 3 0.0103973 -0.00216183 0.25 48.689000000
0.00672044 -0.00107132 0.247543 0.0185214 0 0 3 0.0104604 -0.00216798 0.25 48.794000000
0.00666651 -0.00130098 0.247227 -0.0148894 0 0 3 0.010476 -0.00216837 0.25 48.902000000
0.00667888 -0.00123597 0.247227 -0.00514692 0 0 3 0.0104868 -0.00216869 0.25 48.993000000
0.00660986 -0.00134395 0.246944 -0.0205727 0 0 3 0.0105018 -0.00216904 0.249998 49.089000000
0.00660619 -0.00136176 0.246944 -0.023268 0 0 3 0.0105152 -0.00216942 0.249998 49.191000000
0.00656553 -0.00133076 0.246551 -0.0170776 0 0 3 0.0105268 -0.00216976 0.25 49.289000000
0.00645183 -0.00125132 0.245014 0.00243562 0 0 3 0.0105899 -0.00217592 0.25 49.394000000
0.00646271 -0.00143709 0.238565 -0.00733687 0 0 3 0.0106035 -0.0021763 0.25 49.496000000
0.00644056 -0.00138557 0.245776 -0.024575 0 0 3 0.0106173 -0.00217664 0.249998 49.588000000
0.00645961 -0.0010615 0.245308 0.0268889 0 0 3 0.0106292 -0.00217704 0.25 49.694000000
0.0063899 -0.00142206 0.245308 -0.0292175 0 0 3 0.0106427 -0.00217742 0.25 49.797000000
0.0064563 -0.00140858 0.245648 -0.0276224 0 0 3 0.0106877 -0.00218047 0.249993 49.894000000
0.0064965 -0.0012417 0.245624 -0.00188291 0 0 3 0.01072 -0.00218388 0.249998 49.992000000
0.00642592 -0.0011469 0.244591 0.0166175 0 0 3 0.0107328 -0.00218424 0.249998 50.090000000
0.00645164 -0.00104225 0.244611 0.0322729 0 0 3 0.0107439 -0.00218465 0.25 50.189000000
0.00645405 -0.0010671 0.244597 0.0287977 0 0 3 0.0107579 -0.00218497 0.25 50.289000000
0.00643413 -0.00118215 0.244572 0.0113031 0 0 3 0.0107724 -0.00218535 0.249998 50.390000000
0.00641292 -0.00132272 0.244479 -0.00976811 0 0 3 0.0108336 -0.0021915 0.25 50.489000000
0.00646676 -0.00116512 0.244246 0.0158129 0 0 3 0.0108472 -0.00219184 0.25 50.591000000
0.00643711 -0.00134471 0.244098 -0.010796 0 0 3 0.0108604 -0.00219225 0.25 50.693000000
0.00645152 -0.0013772 0.244071 -0.0159991 0 0 3 0.0108753 -0.00219261 0.249998 50.793000000
0.00644918 -0.00140712 0.243968 -0.0203227 0 0 3 0.0108857 -0.00219297 0.25 50.889000000
0.00647388 -0.00124695 0.244056 0.00426519 0 0 3 0.0108998 -0.00219339 0.25 50.992000000
0.00645708 -0.00140617 0.243834 -0.0195257 0 0 3 0.0109626 -0.00219948 0.25 51.091000000
0.00658017 -0.00144552 0.244048 -0.0259522 0 0 3 0.0109765 -0.00219992 0.25 51.192000000
0.0066359 -0.0011808 0.244 0.0145204 0 0 3 0.0109886 -0.00220023 0.25 51.290000000
0.00658791 -0.00146231 0.243946 -0.0278357 0 0 3 0.0110028 -0.00220063 0.25 51.400000000
0.00664732 -0.00113381 0.24362 0.0187969 0 0 3 0.0110174 -0.00220102 0.25 51.505000000
0.00659554 -0.00142564 0.243658 -0.0251434 0 0 3 0.0110281 -0.00220136 0.25 51.591000000
0.00665127 -0.00115496 0.243661 0.0153668 0 0 3 0.0110925 -0.00220748 0.25 51.698000000
0.0066195 -0.00149054 0.243635 -0.031448 0 0 3 0.0111052 -0.00220787 0.25 51.795000000
0.00670572 -0.00107857 0.243666 0.0296765 0 0 3 0.0111168 -0.00220821 0.25 51.889000000
0.006625 -0.00149639 0.243666 -0.0329877 0 0 3 0.0111314 -0.00220861 0.25 51.993000000
0.00670888 -0.00132131 0.243987 -0.000245193 0 0 3 0.0111443 -0.00220902 0.25 52.097000000
0.00666791 -0.0014809 0.244045 -0.0243739 0 0 3 0.0112066 -0.00221553 0.25 52.196000000
0.0066784 -0.00145685 0.243963 -0.0199489 0 0 3 0.0112195 -0.00221548 0.25 52.293000000
0.00675304 -0.00116594 0.243129 0.0189907 0 0 3 0.0190876 -0.00223443 0.250002 52.390000000
0.0141692 -0.000950849 0.255665 0.0144147 0 0 3 0.0454863 -0.00228692 0.250002 52.488000000
0.05216 -0.000888623 0.238891 0.0090756 0 0 3 0.0915259 -0.00237645 0.250002 52.590000000
0.0814702 0.000947772 0.240367 0.0290636 0 0 3 0.157201 -0.0031752 0.249998 52.691000000
0.0814702 0.000947772 0.240367 -0.250111 0 0 3 0.931995 -0.148049 0.250001 52.691000000
0.0814702 0.000947772 0.240367 -0.545535 1.75 0 3 1.87623 -0.601243 0.249997 52.691000000
0.0814702 0.000947772 0.240367 -0.58268 1.75 -1.75 3 2.11561 -0.769264 0.250001 52.691000000
0.0814702 0.000947772 0.240367 -0.75116 1.75 -1.75 3 2.86201 -1.41437 0.250221 52.691000000
2.84665 -1.40513 0.254989 -0.759259 1.75 -1.75 3 2.89476 -1.41305 0.250102 57.193000000
2.84665 -1.40513 0.254989 -0.68295 1.75 -1.75 3 2.92254 -1.4052 0.250008 57.193000000
2.84665 -1.40513 0.254989 -0.659533 1.75 -1.75 3 2.95313 -1.40059 0.249998 57.193000000
2.93117 -1.36383 0.248006 -0.652006 1.75 -1.75 3 2.97858 -1.39272 0.249985 57.490000000
2.96318 -1.34869 0.246188 -0.647558 1.75 -1.75 3 2.98844 -1.39639 0.249993 57.592000000
2.97253 -1.37116 0.258217 -0.652201 1.75 -1.75 3 2.98657 -1.39447 0.25 57.691000000
2.97043 -1.35367 0.248803 -0.644372 1.75 -1.75 3 2.97194 -1.38299 0.25 57.794000000
2.98049 -1.36347 0.229978 -0.660823 1.75 -1.75 3 2.95746 -1.37133 0.249999 57.888000000
2.9459 -1.33636 0.245455 -0.649686 1.75 -1.75 3 2.94157 -1.35854 0.249999 57.990000000
2.91879 -1.31823 0.257686 -0.644086 1.75 -1.75 3 2.92616 -1.34613 0.249999 58.089000000
2.92937 -1.3371 0.242592 -0.667386 1.75 -1.75 3 2.91247 -1.3353 0.249997 58.192000000
2.91489 -1.36502 0.258454 -0.702613 1.75 -1.75 3 2.91189 -1.33681 0.250001 58.288000000
2.93019 -1.3883 0.242135 -0.752112 1.75 -1.75 3 2.91229 -1.33685 0.250002 58.394000000
2.90539 -1.32637 0.248866 -0.727205 1.75 -1.75 3 2.9111 -1.33584 0.249994 58.487000000
2.90841 -1.34802 0.255636 -0.753624 1.75 -1.75 3 2.9108 -1.33739 0.249998 58.597000000
2.91627 -1.41813 0.279321 -0.838442 1.75 -1.75 3 2.9108 -1.33854 0.249992 58.688000000
2.90229 -1.38047 0.283269 -0.827839 1.75 -1.75 3 2.90972 -1.3391 0.250001 58.794000000
2.9051 -1.39757 0.285307 -0.880527 1.75 -1.75 3 2.90877 -1.34027 0.249997 58.892000000
2.88441 -1.36033 0.295943 -0.878759 1.75 -1.75 3 2.90829 -1.34161 0.249995 58.994000000
2.90487 -1.40471 0.286451 -0.931432 1.75 -1.75 3 2.90744 -1.34239 0.25 59.088000000
2.88877 -1.3687 0.29245 -0.924729 1.75 -1.75 3 2.90571 -1.34383 0.249994 59.195000000
2.90658 -1.41075 0.279894 -0.977552 1.75 -1.75 3 2.90382 -1.34472 0.25 59.292000000
2.90398 -1.39757 0.267483 -0.9992 1.75 -1.75 3 2.90077 -1.34331 0.250001 59.395000000
2.88594 -1.41232 0.312221 -1.03302 1.75 -1.75 3 2.89927 -1.34336 0.250001 59.487000000
2.90241 -1.42297 0.287248 -1.0729 1.75 -1.75 3 2.89703 -1.34305 0.250002 59.596000000
2.90241 -1.42297 0.287248 -1.06233 1.75 -1.75 3 2.89524 -1.34252 0.249995 59.596000000
2.90241 -1.42297 0.287248 -1.11998 1.75 -1.75 3 2.89272 -1.34216 0.25 59.596000000
2.90241 -1.42297 0.287248 -1.11504 1.75 -1.75 3 2.88957 -1.34264 0.25 59.596000000
2.83835 -1.34671 0.231675 -1.57756 1.75 -1.75 3 2.82666 -1.34721 0.250001 61.787000000
2.83498 -1.3578 0.240593 -1.61648 1.75 -1.75 3 2.82246 -1.34447 0.250001 61.898000000
2.83722 -1.36604 0.238849 -1.6407 1.75 -1.75 3 2.8194 -1.34385 0.250001 61.991000000
2.82907 -1.3735 0.250543 -1.67486 1.75 -1.75 3 2.81653 -1.34152 0.250002 62.089000000
2.82143 -1.3585 0.253166 -1.67436 1.75 -1.75 3 2.81221 -1.33972 0.250001 62.193000000
2.84279 -1.40122 0.239108 -1.73717 1.75 -1.75 3 2.80897 -1.33801 0.250001 62.296000000
2.81255 -1.35264 0.256818 -1.72998 1.75 -1.75 3 2.80664 -1.33404 0.250003 62.396000000
2.8339 -1.37907 0.234333 -1.79304 1.75 -1.75 3 2.8049 -1.32932 0.250003 62.493000000
2.81726 -1.35256 0.244549 -1.78176 1.75 -1.75 3 2.80406 -1.32314 0.250002 62.596000000
2.78234 -1.33336 0.295306 -1.78136 1.75 -1.75 3 2.80279 -1.31877 0.249994 62.690000000
2.78298 -1.33789 0.297448 -1.80411 1.75 -1.75 3 2.80117 -1.3145 0.250003 62.791000000
2.79859 -1.31867 0.258743 -1.82347 1.75 -1.75 3 2.79969 -1.31036 0.25 62.892000000
2.81072 -1.33151 0.24653 -1.86534 1.75 -1.75 3 2.79814 -1.3071 0.250003 62.992000000
2.81185 -1.35096 0.257465 -1.89279 1.75 -1.75 3 2.79767 -1.3023 0.250002 63.089000000
2.80328 -1.30957 0.247366 -1.8813 1.75 -1.75 3 2.79695 -1.29885 0.250003 63.187000000
2.80476 -1.3086 0.242087 -1.90151 1.75 -1.75 3 2.79487 -1.29662 0.250001 63.295000000
2.80301 -1.29904 0.237861 -1.91172 1.75 -1.75 3 2.79514 -1.29289 0.25 63.391000000
2.61839 -1.46548 0.214634 -1.92131 1.75 -1.75 3 2.60496 -1.545 0.249991 66.093000000
2.61839 -1.46548 0.214634 -1.60304 1.75 -1.75 3 2.61442 -1.72458 0.250001 66.093000000
2.65845 -1.73928 0.217796 -1.3206 1.75 -1.75 3 2.65585 -1.84202 0.250002 67.297000000
2.66592 -1.81539 0.235446 -1.29981 1.75 -1.75 3 2.66934 -1.88391 0.250002 67.494000000
2.65371 -1.78113 0.272555 -1.23801 1.75 -1.75 3 2.67375 -1.8959 0.250001 67.593000000
2.6988 -1.85583 0.189676 -1.23059 1.75 -1.75 3 2.67822 -1.9078 0.249994 67.693000000
2.69517 -1.90751 0.202504 -1.2324 1.75 -1.75 3 2.6801 -1.91078 0.250001 67.793000000
2.70541 -1.86026 0.198398 -1.16918 1.75 -1.75 3 2.68367 -1.91547 0.249998 67.896000000
2.71349 -1.8705 0.190952 -1.14339 1.75 -1.75 3 2.68928 -1.92417 0.250001 67.993000000
2.71958 -1.87011 0.188395 -1.12308 1.75 -1.75 3 2.69459 -1.93344 0.25 68.090000000
2.72132 -1.90215 0.193718 -1.11674 1.75 -1.75 3 2.70338 -1.95109 0.249992 68.193000000
2.72847 -1.93629 0.196115 -1.08942 1.75 -1.75 3 2.70726 -1.96623 0.249994 68.294000000
2.71525 -1.97454 0.217572 -1.10646 1.75 -1.75 3 2.71121 -1.97318 0.250004 68.392000000
2.72737 -1.96071 0.213488 -1.06219 1.75 -1.75 3 2.72065 -1.99278 0.250001 68.492000000
2.75462 -2.02486 0.227178 -0.951981 1.75 -1.75 3 2.74807 -2.05326 0.250001 68.790000000
2.77651 -1.99207 0.213713 -0.889726 1.75 -1.75 3 2.75815 -2.07077 0.25 68.897000000
