0.00777137 -0.00199858 0.00777137 -0.00199858 0.00777137 -0.00199858 0.00780111 -0.00200004 -0.000153497 0.000000000
0.012198 -0.00199948 0.0121981 -0.00199948 0.0121981 -0.0019919 0.00783923 -0.0020047 -0.000202636 36.819000000
0.0166247 -0.00200038 0.0166248 -0.00200038 0.0166247 -0.00197855 0.007839 -0.00200471 -0.000202636 36.827000000
0.0166326 -0.00200038 0.0166327 -0.00200038 0.0166326 -0.00197852 0.00784725 -0.00200491 -0.000203922 36.878000000
0.0166404 -0.00200038 0.0166405 -0.00200038 0.0166405 -0.0019785 0.00785254 -0.0020051 -0.000204686 36.930000000
0.0166483 -0.00200038 0.0166484 -0.00200038 0.0166484 -0.00197848 0.00786059 -0.00200529 -0.000205973 36.989000000
0.0166536 -0.00200038 0.0166537 -0.00200038 0.0166537 -0.00197846 0.00786494 -0.00200545 -0.000206836 37.029000000
0.0166592 -0.00200038 0.0166594 -0.00200038 0.0166594 -0.00197844 0.00787198 -0.00200566 -0.000208123 37.081000000
0.016667 -0.00200038 0.0166672 -0.00200039 0.0166672 -0.00197842 0.00787917 -0.00200583 -0.00020907 37.135000000
0.0166716 -0.00200039 0.0166718 -0.00200039 0.0166718 -0.00197841 0.00788556 -0.00200599 -0.000210358 37.185000000
0.0166794 -0.00200039 0.0166796 -0.00200039 0.0166795 -0.00197838 0.00789267 -0.00200618 -0.000211646 37.239000000
0.0166846 -0.00200039 0.0166849 -0.00200039 0.0166848 -0.00197837 0.00789933 -0.00200634 -0.000212411 37.284000000
0.0166898 -0.00200039 0.0166901 -0.00200039 0.0166901 -0.00197835 0.0079554 -0.00201223 -0.000251058 37.332000000
0.0166945 -0.00200039 0.0166948 -0.00200039 0.0166948 -0.00197834 0.00796176 -0.00201238 -0.000261588 37.382000000
0.0166999 -0.00200039 0.0167002 -0.00200039 0.0167002 -0.00197832 0.00796694 -0.00201256 -0.000262547 37.426000000
0.0167078 -0.00200039 0.0167081 -0.0020004 0.0167081 -0.0019783 0.00797425 -0.00201273 -0.000263834 37.481000000
0.0167156 -0.0020004 0.0167159 -0.0020004 0.0167159 -0.00197827 0.00798185 -0.00201289 -0.00026464 37.531000000
0.0167213 -0.0020004 0.0167217 -0.0020004 0.0167216 -0.00197826 0.00798822 -0.00201306 -0.000265927 37.579000000
0.0167291 -0.0020004 0.0167295 -0.0020004 0.0167294 -0.00197823 0.00799484 -0.00201331 -0.000266781 37.635000000
0.0167337 -0.0020004 0.0167341 -0.0020004 0.0167341 -0.00197822 0.00800085 -0.00201342 -0.000267635 37.675000000
0.016739 -0.0020004 0.0167394 -0.0020004 0.0167394 -0.0019782 0.00801067 -0.00201364 -0.000269263 37.737000000
0.0167467 -0.00200041 0.0167472 -0.00200041 0.0167471 -0.00197818 0.00801385 -0.00201381 -0.00027021 37.779000000
0.0167524 -0.00200041 0.0167528 -0.00200041 0.0167528 -0.00197816 0.00802017 -0.00201398 -0.000270976 37.828000000
0.0167584 -0.00200041 0.0167588 -0.00200041 0.0167588 -0.00197814 0.008055 -0.00201552 -0.000296037 37.877000000
0.0167644 -0.00200041 0.0167648 -0.00200041 0.0167648 -0.00197813 0.0080857 -0.00202001 -0.000320171 37.933000000
0.0167697 -0.00200041 0.0167702 -0.00200041 0.0167702 -0.00197811 0.00808977 -0.00202021 -0.00032144 37.980000000
0.0166659 -0.00202441 0.016776 -0.00200041 0.016776 -0.00197809 0.00809623 -0.00202036 -0.000322204 38.027000000
0.0166738 -0.00202441 0.0167839 -0.00200042 0.0167838 -0.00197807 0.00810268 -0.00202053 -0.000323066 38.077000000
0.0165714 -0.00204618 0.0167885 -0.00200042 0.0167885 -0.00197806 0.00811131 -0.0020207 -0.000324588 38.126000000
0.0165792 -0.00204618 0.0167963 -0.00200042 0.0167963 -0.00197803 0.00811735 -0.00202091 -0.000325679 38.182000000
0.016482 -0.00206704 0.0168041 -0.00200042 0.0168041 -0.00197801 0.00812336 -0.00202108 -0.000326541 38.233000000
0.0164873 -0.00206704 0.0168095 -0.00200043 0.0168094 -0.00197799 0.00813004 -0.00202125 -0.000327489 38.278000000
0.0163879 -0.00209093 0.0168151 -0.00200043 0.0168151 -0.00197798 0.00813597 -0.00202142 -0.000328951 38.326000000
0.0163957 -0.00209093 0.0168229 -0.00200043 0.0168229 -0.00197795 0.00814428 -0.00202163 -0.000329935 38.385000000
0.0163004 -0.00211388 0.0168307 -0.00200043 0.0168306 -0.00197793 0.00815024 -0.00202182 -0.000331275 38.434000000
0.0163019 -0.00211388 0.0168321 -0.00200043 0.0168321 -0.00197792 0.0082066 -0.00202766 -0.000379285 38.483000000
0.0162095 -0.00213451 0.0168403 -0.00200044 0.0168402 -0.0019779 0.00821495 -0.00202784 -0.000380218 38.535000000
0.0162152 -0.00213452 0.016846 -0.00200044 0.016846 -0.00197788 0.00822136 -0.00202801 -0.000381165 38.583000000
0.0161242 -0.00215661 0.0168539 -0.00200044 0.0168539 -0.00197786 0.0082254 -0.00202822 -0.000381929 38.629000000
0.0161288 -0.00215661 0.0168586 -0.00200044 0.0168585 -0.00197785 0.00823311 -0.00202835 -0.000383216 38.680000000
0.0160375 -0.00217719 0.0168639 -0.00200044 0.0168639 -0.00197783 0.00824051 -0.00202853 -0.000384078 38.727000000
0.0160478 -0.00217719 0.0168742 -0.00200045 0.0168742 -0.0019778 0.008247 -0.00202876 -0.000385494 38.793000000
0.0159578 -0.00219769 0.0168795 -0.00200045 0.0168795 -0.00197778 0.00825328 -0.00202893 -0.000386441 38.838000000
0.0159635 -0.00219769 0.0168852 -0.00200045 0.0168852 -0.00197777 0.00825803 -0.00202906 -0.000387207 38.875000000
0.0158746 -0.00221718 0.0168898 -0.00200045 0.0168897 -0.00197775 0.00826563 -0.00202922 -0.000388494 38.927000000
0.0158824 -0.00221718 0.0168975 -0.00200046 0.0168975 -0.00197773 0.00827352 -0.00202943 -0.000389918 38.987000000
0.0157962 -0.00223735 0.0169029 -0.00200046 0.0169028 -0.00197771 0.00831445 -0.00203208 -0.000414459 39.027000000
0.0158014 -0.00223735 0.0169081 -0.00200046 0.0169081 -0.0019777 0.00833544 -0.00203551 -0.000438916 39.086000000
0.0157196 -0.00225647 0.0169161 -0.00200047 0.016916 -0.00197767 0.00834147 -0.00203565 -0.000439815 39.128000000
0.0157243 -0.00225648 0.0169207 -0.00200047 0.0169207 -0.00197766 0.00835058 -0.00203585 -0.00044114 39.186000000
0.0156447 -0.00227337 0.0169286 -0.00200047 0.0169286 -0.00197764 0.00835621 -0.0020361 -0.000442095 39.243000000
0.01565 -0.00227337 0.0169339 -0.00200047 0.0169339 -0.00197762 0.00836178 -0.00203625 -0.000443044 39.286000000
0.0155719 -0.00229013 0.0169418 -0.00200048 0.0169417 -0.0019776 0.0083705 -0.00203639 -0.000444365 39.332000000
0.0155775 -0.00229013 0.0169474 -0.00200048 0.0169474 -0.00197758 0.00837581 -0.00203655 -0.000445232 39.385000000
0.0155003 -0.00230777 0.0169552 -0.00200048 0.0169552 -0.00197756 0.00838167 -0.00203675 -0.00044652 39.434000000
0.0155049 -0.00230777 0.0169598 -0.00200049 0.0169598 -0.00197754 0.0083903 -0.00203692 -0.000447373 39.486000000
0.0154292 -0.00232479 0.0169676 -0.00200049 0.0169676 -0.00197752 0.00839426 -0.00203712 -0.000448289 39.531000000
0.0154344 -0.00232479 0.0169729 -0.00200049 0.0169728 -0.0019775 0.00840116 -0.00203725 -0.000449577 39.577000000
0.0153533 -0.00234401 0.0169747 -0.00200049 0.0169747 -0.0019775 0.00845663 -0.00204313 -0.000497864 39.628000000
0.0153614 -0.00234402 0.0169828 -0.0020005 0.0169828 -0.00197747 0.00846382 -0.00204336 -0.000498513 39.683000000
0.0152883 -0.00236286 0.0169908 -0.0020005 0.0169907 -0.00197745 0.00847259 -0.0020435 -0.000499799 39.733000000
0.0152937 -0.00236287 0.0169961 -0.0020005 0.0169961 -0.00197744 0.00847899 -0.00204367 -0.000500746 39.782000000
0.0152218 -0.00238379 0.017004 -0.00200051 0.0170039 -0.00197741 0.00848301 -0.00204388 -0.00050151 39.828000000
0.0152275 -0.00238379 0.0170097 -0.00200051 0.0170096 -0.00197739 0.00849069 -0.00204401 -0.000502798 39.878000000
0.015159 -0.00240324 0.0170175 -0.00200051 0.0170175 -0.00197737 0.00849777 -0.00204423 -0.000504085 39.933000000
0.0151636 -0.00240324 0.0170221 -0.00200052 0.0170221 -0.00197736 0.00850371 -0.00204441 -0.000504948 39.983000000
0.0150959 -0.0024229 0.0170299 -0.00200052 0.0170298 -0.00197733 0.00851009 -0.00204457 -0.000506236 40.033000000
0.0151012 -0.0024229 0.0170352 -0.00200052 0.0170351 -0.00197732 0.00851763 -0.00204473 -0.000507183 40.083000000
0.0150341 -0.00243922 0.0170408 -0.00200053 0.0170408 -0.0019773 0.00852419 -0.00204489 -0.000507949 40.123000000
0.015039 -0.00243922 0.0170458 -0.00200053 0.0170457 -0.00197729 0.00857788 -0.00204877 -0.000530504 40.178000000
0.0149707 -0.0024581 0.0170503 -0.00200053 0.0170503 -0.00197727 0.00858512 -0.00205097 -0.000557138 40.227000000
0.0149786 -0.0024581 0.0170582 -0.00200053 0.0170582 -0.00197725 0.00859356 -0.00205115 -0.000558415 40.275000000
0.0149163 -0.00247592 0.0170661 -0.00200054 0.0170661 -0.00197723 0.00859875 -0.00205134 -0.000559179 40.329000000
0.014922 -0.00247592 0.0170719 -0.00200054 0.0170718 -0.00197721 0.00860547 -0.0020515 -0.000560217 40.373000000
0.0148605 -0.00249473 0.0170797 -0.00200055 0.0170797 -0.00197719 0.0086123 -0.0020517 -0.000561504 40.431000000
0.0148651 -0.00249473 0.0170843 -0.00200055 0.0170843 -0.00197717 0.0086209 -0.00205187 -0.000562791 40.479000000
0.0148047 -0.00251327 0.0170921 -0.00200055 0.0170921 -0.00197715 0.00862963 -0.0020521 -0.000563685 40.532000000
0.0148099 -0.00251328 0.0170974 -0.00200056 0.0170974 -0.00197713 0.00863213 -0.00205224 -0.000564688 40.580000000
0.01475 -0.00252729 0.0171031 -0.00200056 0.0171031 -0.00197712 0.00863991 -0.00205238 -0.000565976 40.624000000
0.0147578 -0.00252729 0.0171108 -0.00200056 0.0171108 -0.00197709 0.00864702 -0.00205257 -0.00056683 40.678000000
0.0146975 -0.00254475 0.0171169 -0.00200057 0.0171168 -0.00197708 0.00867274 -0.00205071 -0.00056817 40.732000000
0.014701 -0.00254475 0.0171203 -0.00200057 0.0171203 -0.00197707 0.00871015 -0.00205864 -0.000616215 40.782000000
0.0146443 -0.00256049 0.0171282 -0.00200058 0.0171282 -0.00197704 0.00871502 -0.00205888 -0.000617209 40.834000000
0.0146501 -0.00256049 0.017134 -0.00200058 0.017134 -0.00197703 0.00872299 -0.002059 -0.00061797 40.878000000
0.014592 -0.00257408 0.0171387 -0.00200058 0.0171386 -0.00197701 0.00872834 -0.00205916 -0.000619256 40.926000000
0.0145999 -0.00257408 0.0171465 -0.00200059 0.0171465 -0.00197699 0.00873655 -0.00205936 -0.000620203 40.979000000
0.0145431 -0.00258878 0.0171518 -0.00200059 0.0171518 -0.00197697 0.00874067 -0.00205954 -0.00062149 41.027000000
0.0145509 -0.00258878 0.0171597 -0.00200059 0.0171596 -0.00197695 0.00874902 -0.00205972 -0.000622255 41.083000000
0.014497 -0.00260472 0.0171674 -0.0020006 0.0171674 -0.00197693 0.00875415 -0.0020599 -0.000623543 41.128000000
0.0145027 -0.00260473 0.0171731 -0.0020006 0.0171731 -0.00197691 0.00876241 -0.00206011 -0.000624967 41.186000000
0.0144503 -0.00261877 0.0171809 -0.00200061 0.0171808 -0.00197689 0.00876984 -0.00206026 -0.000625733 41.231000000
0.0144549 -0.00261878 0.0171855 -0.00200061 0.0171854 -0.00197687 0.00877615 -0.00206043 -0.000626596 41.280000000
0.0144002 -0.00263308 0.0171901 -0.00200061 0.0171901 -0.00197686 0.00883211 -0.00206668 -0.000675262 41.330000000
0.0144061 -0.00263308 0.0171961 -0.00200062 0.0171961 -0.00197684 0.00883744 -0.00206651 -0.000675681 41.379000000
0.0143524 -0.00264721 0.0172008 -0.00200062 0.0172007 -0.00197683 0.00884261 -0.0020667 -0.000676541 41.424000000
0.0143603 -0.00264721 0.0172087 -0.00200063 0.0172086 -0.00197681 0.00885217 -0.00206687 -0.000677828 41.479000000
0.0143117 -0.00265903 0.0172165 -0.00200063 0.0172165 -0.00197678 0.0088571 -0.00206706 -0.000679115 41.533000000
0.014317 -0.00265903 0.0172218 -0.00200064 0.0172218 -0.00197677 0.00886468 -0.00206723 -0.000680062 41.583000000
0.014268 -0.00267383 0.0172297 -0.00200064 0.0172296 -0.00197674 0.00887055 -0.00206743 -0.000681349 41.633000000
0.0142736 -0.00267383 0.0172353 -0.00200064 0.0172353 -0.00197673 0.00887695 -0.0020676 -0.000682114 41.683000000
0.0142232 -0.00268608 0.0172399 -0.00200065 0.0172399 -0.00197671 0.00888239 -0.00206778 -0.000682977 41.724000000
0.0142309 -0.00268609 0.0172477 -0.00200065 0.0172477 -0.00197669 0.00888961 -0.00206794 -0.000684406 41.779000000
0.0141841 -0.00269926 0.0172555 -0.00200066 0.0172554 -0.00197667 0.00889661 -0.00206816 -0.000685694 41.832000000
0.0141894 -0.00269926 0.0172608 -0.00200066 0.0172608 -0.00197665 0.00893143 -0.00206971 -0.0006866 41.881000000
0.0141381 -0.00271103 0.0172628 -0.00200066 0.0172628 -0.00197665 0.00895947 -0.00207416 -0.000734843 41.927000000
0.014146 -0.00271104 0.0172708 -0.00200067 0.0172707 -0.00197662 0.0089675 -0.00207438 -0.000736121 41.986000000
0.0141011 -0.00272427 0.0172787 -0.00200068 0.0172786 -0.0019766 0.00897311 -0.00207454 -0.000736825 42.029000000
0.0141065 -0.00272427 0.017284 -0.00200068 0.017284 -0.00197658 0.00897977 -0.00207479 -0.000737726 42.085000000
0.0140632 -0.00273492 0.0172919 -0.00200068 0.0172918 -0.00197656 0.00898619 -0.00207494 -0.000738824 42.132000000
0.0140689 -0.00273492 0.0172975 -0.00200069 0.0172975 -0.00197654 0.00899334 -0.00207513 -0.000740111 42.187000000
0.014022 -0.00274828 0.0173022 -0.00200069 0.0173021 -0.00197653 0.00900088 -0.00207532 -0.000741338 42.239000000
0.0140298 -0.00274828 0.01731 -0.0020007 0.0173099 -0.00197651 0.00900729 -0.00207547 -0.000742205 42.287000000
0.0139869 -0.00276119 0.0173177 -0.0020007 0.0173177 -0.00197649 0.00901283 -0.00207562 -0.000743059 42.330000000
0.0139922 -0.00276119 0.017323 -0.00200071 0.017323 -0.00197647 0.00901867 -0.00207582 -0.000744347 42.378000000
0.0139509 -0.00277159 0.0173308 -0.00200071 0.0173307 -0.00197645 0.00902625 -0.00207598 -0.000745506 42.431000000
0.0139527 -0.00277159 0.0173326 -0.00200072 0.0173326 -0.00197644 0.00908407 -0.0020819 -0.000791495 42.485000000
0.0139129 -0.00278134 0.0173407 -0.00200072 0.0173407 -0.00197642 0.00908946 -0.00208207 -0.000794695 42.535000000
0.0139183 -0.00278135 0.0173461 -0.00200073 0.0173461 -0.0019764 0.0090954 -0.00208228 -0.000795501 42.584000000
0.0138775 -0.00279517 0.017354 -0.00200073 0.017354 -0.00197638 0.00910259 -0.00208247 -0.000796787 42.639000000
0.0138832 -0.00279518 0.0173597 -0.00200074 0.0173597 -0.00197636 0.00910968 -0.0020826 -0.000797688 42.678000000
0.0138416 -0.00280458 0.0173643 -0.00200074 0.0173643 -0.00197635 0.0091138 -0.00208278 -0.000798542 42.724000000
0.0138494 -0.00280458 0.0173722 -0.00200075 0.0173721 -0.00197633 0.00912319 -0.00208297 -0.000799829 42.779000000
0.0138108 -0.00281585 0.01738 -0.00200075 0.0173799 -0.0019763 0.00912929 -0.00208316 -0.000801024 42.833000000
0.0138161 -0.00281585 0.0173853 -0.00200076 0.0173852 -0.00197629 0.0091352 -0.00208336 -0.000802033 42.887000000
0.013786 -0.00282827 0.0173909 -0.00200076 0.0173909 -0.00197627 0.00914115 -0.00208348 -0.000802839 42.925000000
0.0137938 -0.00282827 0.0173987 -0.00200077 0.0173987 -0.00197625 0.00914699 -0.00208368 -0.000804127 42.975000000
0.0137598 -0.00284006 0.0174036 -0.00200077 0.0174036 -0.00197623 0.00920419 -0.00208892 -0.000826246 43.038000000
0.0137644 -0.00284006 0.0174082 -0.00200078 0.0174082 -0.00197622 0.00921093 -0.00208979 -0.000853278 43.084000000
0.0137407 -0.00284877 0.0174161 -0.00200078 0.0174161 -0.0019762 0.00921886 -0.00208995 -0.00085411 43.129000000
0.0137464 -0.00284878 0.0174218 -0.00200079 0.0174218 -0.00197618 0.00922503 -0.00209014 -0.000855397 43.185000000
0.0137264 -0.00285516 0.0174265 -0.00200079 0.0174265 -0.00197617 0.00923165 -0.0020903 -0.000856161 43.225000000
0.0137342 -0.00285516 0.0174343 -0.0020008 0.0174343 -0.00197614 0.00923857 -0.00209051 -0.000857448 43.287000000
0.0137214 -0.00286428 0.0174422 -0.00200081 0.0174421 -0.00197612 0.00924413 -0.00209066 -0.000858311 43.328000000
0.0137267 -0.00286429 0.0174475 -0.00200081 0.0174474 -0.00197611 0.00925127 -0.00209085 -0.000859599 43.383000000
0.0137111 -0.00287529 0.0174553 -0.00200082 0.0174552 -0.00197608 0.0092564 -0.00209104 -0.000860546 43.428000000
0.0137167 -0.00287529 0.0174609 -0.00200082 0.0174609 -0.00197607 0.00926386 -0.00209122 -0.000861834 43.480000000
0.0137014 -0.00288636 0.0174687 -0.00200083 0.0174687 -0.00197604 0.00926977 -0.0020914 -0.0008626 43.528000000
0.013706 -0.00288636 0.0174733 -0.00200083 0.0174732 -0.00197603 0.00928032 -0.00209194 -0.000863888 43.587000000
0.013691 -0.00289421 0.0174782 -0.00200084 0.0174781 -0.00197602 0.00933286 -0.00209749 -0.000912377 43.633000000
0.0136968 -0.00289422 0.0174839 -0.00200084 0.0174839 -0.001976 0.00934057 -0.00209766 -0.000913072 43.685000000
0.0136876 -0.00290389 0.0174918 -0.00200085 0.0174918 -0.00197598 0.00934801 -0.00209784 -0.000913836 43.732000000
0.0136922 -0.00290389 0.0174965 -0.00200085 0.0174964 -0.00197596 0.00935215 -0.00209802 -0.000915122 43.778000000
0.0136848 -0.00291255 0.0175043 -0.00200086 0.0175043 -0.00197594 0.00935927 -0.00209822 -0.000916125 43.831000000
0.0136901 -0.00291255 0.0175097 -0.00200087 0.0175096 -0.00197592 0.00936603 -0.00209839 -0.000917508 43.878000000
0.0136874 -0.00291543 0.0175175 -0.00200087 0.0175174 -0.0019759 0.00937508 -0.00209858 -0.000918395 43.935000000
0.0136931 -0.00291544 0.0175231 -0.00200088 0.0175231 -0.00197589 0.00937985 -0.00209881 -0.000919683 43.985000000
0.0136897 -0.00291876 0.0175309 -0.00200089 0.0175309 -0.00197586 0.00938617 -0.00209898 -0.000920728 44.036000000
0.0136943 -0.00291876 0.0175355 -0.00200089 0.0175355 -0.00197585 0.00939381 -0.00209912 -0.000922016 44.087000000
0.0136924 -0.00292206 0.0175433 -0.0020009 0.0175432 -0.00197583 0.00940012 -0.00209929 -0.000922822 44.135000000
0.0136956 -0.00292206 0.0175464 -0.0020009 0.0175464 -0.00197582 0.00945637 -0.00210519 -0.000945194 44.182000000
0.0136909 -0.00292925 0.0175506 -0.0020009 0.0175506 -0.00197581 0.00946273 -0.00210535 -0.000971598 44.225000000
0.0136988 -0.00292926 0.0175586 -0.00200091 0.0175585 -0.00197578 0.00947075 -0.00210557 -0.000972866 44.285000000
0.0137044 -0.00293407 0.0175664 -0.00200092 0.0175664 -0.00197576 0.00947715 -0.00210575 -0.000973672 44.333000000
0.0137097 -0.00293407 0.0175718 -0.00200092 0.0175718 -0.00197574 0.00948207 -0.00210595 -0.000974857 44.386000000
0.0137103 -0.00294167 0.0175775 -0.00200093 0.0175775 -0.00197573 0.00948753 -0.00210613 -0.00097572 44.427000000
0.0137181 -0.00294168 0.0175853 -0.00200094 0.0175853 -0.0019757 0.00949704 -0.00210629 -0.000977008 44.483000000
0.0137227 -0.00294588 0.0175931 -0.00200095 0.0175931 -0.00197568 0.00950417 -0.00210649 -0.000978436 44.538000000
0.0137273 -0.00294588 0.0175977 -0.00200095 0.0175977 -0.00197567 0.00950971 -0.00210664 -0.000979289 44.580000000
0.0137328 -0.00295132 0.0176055 -0.00200096 0.0176055 -0.00197565 0.00951492 -0.00210683 -0.000980205 44.630000000
0.0137381 -0.00295133 0.0176108 -0.00200096 0.0176107 -0.00197563 0.00952203 -0.00210703 -0.000981494 44.684000000
0.0137452 -0.0029551 0.0176186 -0.00200097 0.0176185 -0.00197561 0.00952937 -0.00210711 -0.000982463 44.730000000
0.0137472 -0.0029551 0.0176206 -0.00200097 0.0176206 -0.0019756 0.00958394 -0.00211311 -0.00103082 44.782000000
0.0137557 -0.00295963 0.0176285 -0.00200098 0.0176285 -0.00197558 0.00959042 -0.00211329 -0.00103161 44.832000000
0.013761 -0.00295963 0.0176339 -0.00200099 0.0176339 -0.00197556 0.00959603 -0.00211344 -0.00103246 44.875000000
0.0137743 -0.00296694 0.0176417 -0.00200099 0.0176417 -0.00197554 0.00960436 -0.00211366 -0.00103365 44.932000000
0.01378 -0.00296695 0.0176475 -0.002001 0.0176474 -0.00197552 0.00961038 -0.00211384 -0.00103466 44.982000000
0.0137937 -0.002972 0.0176553 -0.00200101 0.0176552 -0.0019755 0.00961899 -0.00211401 -0.00103589 45.032000000
0.0137983 -0.002972 0.0176599 -0.00200101 0.0176599 -0.00197549 0.00962377 -0.00211424 -0.00103665 45.083000000
0.0138099 -0.00297183 0.0176652 -0.00200102 0.0176652 -0.00197547 0.00962932 -0.00211439 -0.00103814 45.125000000
0.0138177 -0.00297183 0.017673 -0.00200103 0.0176729 -0.00197545 0.00963775 -0.00211455 -0.00103943 45.183000000
0.0138293 -0.00297165 0.0176786 -0.00200103 0.0176786 -0.00197543 0.00964328 -0.0021147 -0.00104023 45.225000000
0.013837 -0.00297166 0.0176864 -0.00200104 0.0176864 -0.00197541 0.00965069 -0.00211495 -0.00104152 45.287000000
0.0138464 -0.00297331 0.0176903 -0.00200105 0.0176903 -0.0019754 0.00970661 -0.00212102 -0.00107358 45.337000000
0.013852 -0.00297331 0.0176959 -0.00200105 0.0176959 -0.00197538 0.00971234 -0.00212101 -0.00109019 45.381000000
0.0138644 -0.0029786 0.0177038 -0.00200106 0.0177038 -0.00197536 0.00971996 -0.00212118 -0.00109147 45.431000000
0.0138702 -0.0029786 0.0177096 -0.00200107 0.0177095 -0.00197535 0.00972668 -0.00212141 -0.00109266 45.484000000
0.0138847 -0.00297987 0.0177174 -0.00200107 0.0177174 -0.00197532 0.00973301 -0.00212161 -0.00109356 45.535000000
0.0138893 -0.00297987 0.017722 -0.00200108 0.017722 -0.00197531 0.00973868 -0.00212174 -0.00109451 45.578000000
0.0139053 -0.00298133 0.0177299 -0.00200109 0.0177298 -0.00197529 0.00974572 -0.00212196 -0.0010958 45.630000000
0.0139106 -0.00298133 0.0177352 -0.00200109 0.0177351 -0.00197527 0.00975417 -0.00212212 -0.00109709 45.688000000
0.0139257 -0.00298516 0.0177429 -0.0020011 0.0177429 -0.00197525 0.0097597 -0.00212227 -0.001098 45.730000000
0.0139314 -0.00298517 0.0177486 -0.00200111 0.0177486 -0.00197523 0.00976674 -0.0021225 -0.00109881 45.786000000
0.0139468 -0.00298602 0.0177564 -0.00200112 0.0177563 -0.00197521 0.00977417 -0.00212265 -0.0011001 45.832000000
0.0139514 -0.00298602 0.0177609 -0.00200112 0.0177609 -0.0019752 0.00980471 -0.0021241 -0.00110086 45.884000000
0.0139628 -0.00299138 0.0177659 -0.00200113 0.0177658 -0.00197518 0.00983498 -0.00212876 -0.0011492 45.932000000
0.0139685 -0.00299139 0.0177716 -0.00200114 0.0177716 -0.00197517 0.00984146 -0.00212894 -0.00115015 45.982000000
0.0139803 -0.00299429 0.0177763 -0.00200114 0.0177763 -0.00197515 0.00984827 -0.00212908 -0.00115095 46.026000000
0.0139882 -0.0029943 0.0177842 -0.00200115 0.0177841 -0.00197513 0.00985538 -0.00212931 -0.00115224 46.081000000
0.014001 -0.00299344 0.0177895 -0.00200116 0.0177895 -0.00197511 0.00986061 -0.00212947 -0.00115353 46.127000000
0.0140088 -0.00299345 0.0177973 -0.00200116 0.0177973 -0.00197509 0.0098708 -0.00212969 -0.00115481 46.188000000
0.014024 -0.00299311 0.0178051 -0.00200117 0.0178051 -0.00197507 0.00987484 -0.00212986 -0.00115567 46.232000000
0.0140296 -0.00299312 0.0178108 -0.00200118 0.0178108 -0.00197505 0.00988191 -0.00213009 -0.00115658 46.287000000
0.0140428 -0.00299787 0.0178186 -0.00200119 0.0178185 -0.00197503 0.00988749 -0.00213021 -0.00115729 46.329000000
0.0140473 -0.00299787 0.0178231 -0.00200119 0.0178231 -0.00197502 0.0098969 -0.0021304 -0.00115877 46.385000000
0.0140584 -0.00300269 0.0178284 -0.0020012 0.0178284 -0.001975 0.00990018 -0.00213056 -0.00115944 46.427000000
0.0140629 -0.00300269 0.017833 -0.00200121 0.0178329 -0.00197499 0.00995919 -0.00213656 -0.00119852 46.484000000
0.014078 -0.00300154 0.0178415 -0.00200122 0.0178415 -0.00197497 0.00996449 -0.00213669 -0.00120853 46.533000000
0.0140859 -0.00300155 0.0178494 -0.00200123 0.0178494 -0.00197494 0.0099725 -0.00213691 -0.00121039 46.594000000
0.0140938 -0.00300526 0.0178516 -0.00200123 0.0178516 -0.00197494 0.00997657 -0.002137 -0.00121082 46.622000000
0.0141017 -0.00300527 0.0178594 -0.00200124 0.0178594 -0.00197491 0.00998557 -0.00213723 -0.00121211 46.682000000
0.0141154 -0.003006 0.0178673 -0.00200125 0.0178672 -0.00197489 0.00999169 -0.00213742 -0.00121317 46.737000000
0.0141211 -0.003006 0.0178729 -0.00200125 0.0178729 -0.00197488 0.00999756 -0.00213762 -0.00121452 46.787000000
0.0141348 -0.00300434 0.0178807 -0.00200126 0.0178807 -0.00197485 0.0100052 -0.00213779 -0.00121533 46.838000000
0.0141394 -0.00300434 0.0178853 -0.00200127 0.0178853 -0.00197484 0.0100102 -0.002138 -0.00121661 46.883000000
0.0141523 -0.00300588 0.0178931 -0.00200128 0.0178931 -0.00197482 0.0100169 -0.00213814 -0.00121747 46.930000000
0.0141576 -0.00300588 0.0178984 -0.00200129 0.0178983 -0.0019748 0.0100252 -0.00213832 -0.00121876 46.982000000
0.0141684 -0.00300683 0.017904 -0.00200129 0.017904 -0.00197479 0.0100583 -0.0021412 -0.00122141 47.030000000
0.0141726 -0.00300683 0.0179082 -0.0020013 0.0179082 -0.00197477 0.0100864 -0.00214443 -0.00126786 47.081000000
0.0141858 -0.00300602 0.0179161 -0.00200131 0.0179161 -0.00197475 0.0100924 -0.00214462 -0.00126871 47.131000000
0.0141912 -0.00300602 0.0179215 -0.00200132 0.0179215 -0.00197474 0.0101001 -0.00214479 -0.0012699 47.182000000
0.0142041 -0.00300902 0.0179294 -0.00200133 0.0179293 -0.00197471 0.0101051 -0.002145 -0.00127091 47.228000000
0.0142097 -0.00300903 0.0179351 -0.00200133 0.017935 -0.0019747 0.0101127 -0.00214517 -0.0012722 47.279000000
0.0142199 -0.00300764 0.0179397 -0.00200134 0.0179397 -0.00197468 0.0101179 -0.00214533 -0.001273 47.324000000
0.0142277 -0.00300765 0.0179475 -0.00200135 0.0179475 -0.00197466 0.0101271 -0.00214553 -0.00127389 47.386000000
0.0142373 -0.00301094 0.0179528 -0.00200135 0.0179528 -0.00197465 0.0101337 -0.0021457 -0.00127518 47.428000000
0.014245 -0.00301095 0.0179606 -0.00200136 0.0179605 -0.00197462 0.0101405 -0.00214593 -0.00127647 47.490000000
0.0142557 -0.00301058 0.0179662 -0.00200137 0.0179662 -0.00197461 0.0101471 -0.00214607 -0.00127742 47.529000000
0.0142635 -0.00301059 0.017974 -0.00200138 0.0179739 -0.00197459 0.0101542 -0.00214629 -0.00127819 47.584000000
0.0142718 -0.00301134 0.0179781 -0.00200139 0.0179781 -0.00197457 0.0102079 -0.00215219 -0.00132678 47.632000000
0.0142772 -0.00301134 0.0179835 -0.00200139 0.0179835 -0.00197456 0.0102174 -0.00215239 -0.00132771 47.687000000
0.0142874 -0.00301002 0.0179893 -0.0020014 0.0179893 -0.00197454 0.0102207 -0.00215255 -0.00132866 47.727000000
0.0142952 -0.00301003 0.0179972 -0.00200141 0.0179971 -0.00197452 0.0102302 -0.00215274 -0.00132942 47.783000000
0.014304 -0.00301274 0.0180018 -0.00200142 0.0180018 -0.00197451 0.0102347 -0.00215289 -0.00133071 47.826000000
0.0143118 -0.00301275 0.0180096 -0.00200143 0.0180096 -0.00197448 0.0102419 -0.00215309 -0.00133158 47.881000000
0.014323 -0.00301778 0.0180174 -0.00200144 0.0180174 -0.00197446 0.0102489 -0.00215331 -0.001333 47.936000000
0.0143283 -0.00301778 0.0180227 -0.00200145 0.0180227 -0.00197445 0.0102549 -0.0021535 -0.00133386 47.985000000
0.0143382 -0.00301622 0.0180284 -0.00200145 0.0180284 -0.00197443 0.0102603 -0.00215368 -0.00133515 48.028000000
0.014346 -0.00301623 0.0180362 -0.00200147 0.0180361 -0.00197441 0.010269 -0.00215382 -0.00133606 48.078000000
0.0143576 -0.00301495 0.0180439 -0.00200148 0.0180439 -0.00197439 0.0102746 -0.00215404 -0.00133735 48.135000000
0.0143601 -0.00301495 0.0180465 -0.00200148 0.0180464 -0.00197438 0.0103266 -0.00215636 -0.0013475 48.181000000
0.0143696 -0.00302055 0.0180534 -0.00200149 0.0180534 -0.00197436 0.0103393 -0.00216014 -0.00138639 48.235000000
0.0143753 -0.00302055 0.0180592 -0.0020015 0.0180592 -0.00197434 0.0103434 -0.00216033 -0.0013873 48.280000000
0.0143816 -0.00302277 0.0180639 -0.0020015 0.0180638 -0.00197433 0.0103501 -0.0021605 -0.00138859 48.328000000
0.0143894 -0.00302278 0.0180717 -0.00200151 0.0180717 -0.00197431 0.0103582 -0.00216069 -0.0013894 48.386000000
0.0143985 -0.00302492 0.0180795 -0.00200153 0.0180795 -0.00197429 0.0103664 -0.0021609 -0.00139068 48.439000000
0.0144038 -0.00302492 0.0180849 -0.00200153 0.0180848 -0.00197427 0.0103719 -0.00216106 -0.00139154 48.482000000
0.0144124 -0.00302888 0.0180927 -0.00200154 0.0180926 -0.00197425 0.0103768 -0.00216126 -0.00139287 48.535000000
0.014418 -0.00302889 0.0180983 -0.00200155 0.0180983 -0.00197423 0.0103835 -0.00216143 -0.00139364 48.580000000
0.0144267 -0.00303115 0.0181061 -0.00200156 0.0181061 -0.00197421 0.0103906 -0.00216162 -0.00139492 48.633000000
0.0144344 -0.00303115 0.0181138 -0.00200157 0.0181138 -0.00197419 0.0103973 -0.00216183 -0.00139587 48.689000000
0.0144367 -0.00303632 0.0181159 -0.00200158 0.0181159 -0.00197418 0.010402 -0.00216199 -0.00139664 48.726000000
0.0144419 -0.00303632 0.0181212 -0.00200158 0.0181211 -0.00197417 0.0104611 -0.0021679 -0.00144524 48.784000000
0.0144507 -0.00303699 0.0181291 -0.0020016 0.0181291 -0.00197414 0.0104653 -0.00216809 -0.00144583 48.831000000
0.0144585 -0.003037 0.018137 -0.00200161 0.0181369 -0.00197412 0.0104736 -0.00216831 -0.00144712 48.887000000
0.0144602 -0.00304199 0.0181391 -0.00200161 0.0181391 -0.00197412 0.0104793 -0.00216844 -0.00144788 48.928000000
0.014468 -0.003042 0.018147 -0.00200162 0.0181469 -0.00197409 0.0104859 -0.0021687 -0.00144917 48.986000000
0.0144754 -0.00304567 0.0181548 -0.00200163 0.0181547 -0.00197407 0.0104924 -0.00216885 -0.00145045 49.033000000
0.014481 -0.00304568 0.0181605 -0.00200164 0.0181604 -0.00197406 0.0104999 -0.00216901 -0.00145132 49.085000000
0.0144868 -0.00305132 0.0181682 -0.00200165 0.0181682 -0.00197403 0.010505 -0.0021692 -0.00145236 49.128000000
0.0144945 -0.00305133 0.018176 -0.00200166 0.018176 -0.00197401 0.0105133 -0.00216941 -0.00145365 49.187000000
0.0144968 -0.00305721 0.0181806 -0.00200167 0.0181806 -0.001974 0.0105207 -0.00216957 -0.00145483 49.234000000
0.014502 -0.00305721 0.0181859 -0.00200168 0.0181858 -0.00197398 0.0105252 -0.00216972 -0.00145579 49.278000000
0.0145033 -0.00306239 0.0181904 -0.00200168 0.0181904 -0.00197397 0.0105787 -0.00217173 -0.00147071 49.328000000
0.0145119 -0.0030624 0.018199 -0.0020017 0.018199 -0.00197395 0.0105887 -0.0021759 -0.0015049 49.388000000
0.014511 -0.00306597 0.0182037 -0.0020017 0.0182036 -0.00197393 0.0105966 -0.00217606 -0.00150575 49.434000000
0.0145164 -0.00306598 0.018209 -0.00200171 0.018209 -0.00197392 0.0106027 -0.00217625 -0.00150703 49.489000000
0.0145166 -0.003073 0.0182147 -0.00200172 0.0182147 -0.0019739 0.0106075 -0.00217639 -0.00150793 49.525000000
0.0145244 -0.00307301 0.0182226 -0.00200173 0.0182225 -0.00197388 0.0106154 -0.00217664 -0.00150922 49.585000000
0.0145261 -0.00307893 0.0182304 -0.00200175 0.0182303 -0.00197386 0.0106205 -0.0021768 -0.00151014 49.629000000
0.0145307 -0.00307893 0.018235 -0.00200175 0.0182349 -0.00197385 0.0106281 -0.00217699 -0.00151143 49.681000000
0.0145302 -0.0030786 0.0182403 -0.00200176 0.0182402 -0.00197383 0.0106333 -0.00217715 -0.00151223 49.727000000
0.014538 -0.00307861 0.018248 -0.00200177 0.018248 -0.00197381 0.0106403 -0.00217735 -0.00151362 49.778000000
0.0145384 -0.00308511 0.0182558 -0.00200178 0.0182558 -0.00197379 0.0106478 -0.00217754 -0.00151452 49.831000000
0.0145441 -0.00308512 0.0182614 -0.00200179 0.0182614 -0.00197377 0.0106564 -0.00217805 -0.00151533 49.878000000
0.0145422 -0.00309124 0.0182656 -0.0020018 0.0182656 -0.00197376 0.010711 -0.00218365 -0.00156369 49.934000000
0.0145476 -0.00309124 0.018271 -0.00200181 0.018271 -0.00197374 0.0107169 -0.00218386 -0.00156485 49.985000000
0.01455 -0.00309409 0.0182789 -0.00200182 0.0182789 -0.00197372 0.0107246 -0.00218403 -0.00156583 50.036000000
0.0145557 -0.0030941 0.0182846 -0.00200183 0.0182846 -0.00197371 0.0107298 -0.00218422 -0.00156659 50.082000000
0.0145566 -0.0030951 0.0182925 -0.00200184 0.0182924 -0.00197368 0.0107392 -0.00218442 -0.00156788 50.138000000
0.0145612 -0.0030951 0.0182971 -0.00200185 0.018297 -0.00197367 0.0107433 -0.0021846 -0.00156875 50.185000000
0.01456 -0.0030941 0.0183024 -0.00200186 0.0183024 -0.00197366 0.01075 -0.00218475 -0.00157003 50.229000000
0.0145677 -0.00309411 0.0183102 -0.00200187 0.0183101 -0.00197363 0.0107571 -0.00218495 -0.00157098 50.282000000
0.0145668 -0.0030936 0.0183158 -0.00200188 0.0183158 -0.00197362 0.0107621 -0.00218516 -0.00157227 50.328000000
0.0145766 -0.00309361 0.0183257 -0.00200189 0.0183257 -0.00197359 0.0107724 -0.00218535 -0.00157356 50.389000000
0.0145751 -0.00309529 0.0183313 -0.0020019 0.0183313 -0.00197357 0.0107764 -0.00218553 -0.00157445 50.436000000
0.0145757 -0.00309529 0.0183319 -0.0020019 0.0183319 -0.00197357 0.0108328 -0.00219173 -0.00161312 50.482000000
0.0145771 -0.00309959 0.0183409 -0.00200192 0.0183409 -0.00197355 0.0108396 -0.00219167 -0.00162365 50.538000000
0.0145828 -0.0030996 0.0183466 -0.00200193 0.0183466 -0.00197353 0.0108475 -0.00219183 -0.00162441 50.584000000
0.014584 -0.00310084 0.0183545 -0.00200194 0.0183545 -0.00197351 0.0108528 -0.002192 -0.00162527 50.632000000
0.0145886 -0.00310085 0.0183591 -0.00200195 0.0183591 -0.0019735 0.0108588 -0.00219221 -0.00162656 50.684000000
0.0145891 -0.00310547 0.018367 -0.00200196 0.0183669 -0.00197347 0.0108674 -0.00219239 -0.00162785 50.733000000
0.0145944 -0.00310547 0.0183723 -0.00200197 0.0183722 -0.00197346 0.0108727 -0.00219256 -0.00162879 50.782000000
0.0145929 -0.00311062 0.018378 -0.00200198 0.0183779 -0.00197344 0.0108777 -0.00219275 -0.00162974 50.827000000
0.0146007 -0.00311063 0.0183857 -0.00200199 0.0183857 -0.00197342 0.0108861 -0.00219293 -0.00163103 50.885000000
0.0146011 -0.00311624 0.0183935 -0.002002 0.0183935 -0.0019734 0.0108924 -0.00219311 -0.00163193 50.932000000
0.0146056 -0.00311625 0.0183981 -0.00200201 0.018398 -0.00197339 0.0108995 -0.00219331 -0.00163322 50.986000000
0.0146044 -0.00311872 0.0184038 -0.00200202 0.0184038 -0.00197337 0.0109305 -0.00219399 -0.00163419 51.033000000
0.0146092 -0.00311873 0.0184086 -0.00200203 0.0184086 -0.00197336 0.0109614 -0.00219946 -0.00168234 51.087000000
0.0146097 -0.00312417 0.0184165 -0.00200204 0.0184165 -0.00197334 0.0109678 -0.00219964 -0.00168318 51.134000000
0.0146176 -0.00312418 0.0184244 -0.00200205 0.0184244 -0.00197331 0.0109755 -0.00219981 -0.00168447 51.187000000
0.0146171 -0.00313026 0.018429 -0.00200206 0.018429 -0.0019733 0.0109837 -0.00220002 -0.00168576 51.240000000
0.0146224 -0.00313027 0.0184344 -0.00200207 0.0184343 -0.00197329 0.0109892 -0.00220018 -0.00168667 51.281000000
0.014626 -0.00313123 0.0184422 -0.00200208 0.0184421 -0.00197326 0.0109953 -0.0022004 -0.00168796 51.337000000
0.0146337 -0.00313124 0.01845 -0.0020021 0.0184499 -0.00197324 0.0110032 -0.00220062 -0.00168889 51.397000000
0.0146341 -0.0031375 0.0184556 -0.00200211 0.0184556 -0.00197323 0.0110076 -0.00220076 -0.00168975 51.436000000
0.0146387 -0.00313751 0.0184602 -0.00200211 0.0184602 -0.00197321 0.0110134 -0.00220091 -0.00169066 51.475000000
0.0146421 -0.00313744 0.018468 -0.00200213 0.0184679 -0.00197319 0.0110209 -0.00220114 -0.00169199 51.536000000
0.0146474 -0.00313745 0.0184732 -0.00200214 0.0184732 -0.00197318 0.0110272 -0.00220132 -0.00169284 51.583000000
0.0146471 -0.0031429 0.0184785 -0.00200215 0.0184784 -0.00197316 0.0110836 -0.00220729 -0.00174172 51.633000000
0.0146518 -0.00314291 0.0184832 -0.00200215 0.0184831 -0.00197315 0.0110888 -0.00220745 -0.00174195 51.678000000
0.0146552 -0.00314314 0.018491 -0.00200217 0.018491 -0.00197313 0.011096 -0.00220762 -0.00174323 51.731000000
0.0146605 -0.00314315 0.0184964 -0.00200218 0.0184964 -0.00197311 0.0111032 -0.00220783 -0.00174452 51.787000000
0.0146631 -0.00314973 0.0185042 -0.00200219 0.0185042 -0.00197309 0.0111108 -0.002208 -0.00174537 51.836000000
0.0146709 -0.00314974 0.018512 -0.0020022 0.018512 -0.00197307 0.0111168 -0.00220821 -0.00174666 51.889000000
0.0146697 -0.00314839 0.0185145 -0.00200221 0.0185145 -0.00197306 0.0111261 -0.00220841 -0.00174771 51.943000000
0.0146774 -0.0031484 0.0185223 -0.00200222 0.0185223 -0.00197304 0.0111294 -0.00220857 -0.00174837 51.984000000
0.0146797 -0.00315499 0.0185301 -0.00200224 0.0185301 -0.00197302 0.0111365 -0.00220877 -0.00174984 52.035000000
0.014685 -0.003155 0.0185354 -0.00200225 0.0185353 -0.001973 0.0111432 -0.00220894 -0.0017506 52.083000000
0.0146887 -0.00315815 0.0185431 -0.00200226 0.0185431 -0.00197298 0.0111503 -0.00220914 -0.00175189 52.137000000
0.0146926 -0.00315815 0.018547 -0.00200227 0.018547 -0.00197297 0.0112019 -0.00221149 -0.00176914 52.186000000
0.0146912 -0.00316426 0.0185505 -0.00200227 0.0185504 -0.00197296 0.0112119 -0.00221521 -0.00180058 52.229000000
0.0146991 -0.00316427 0.0185584 -0.00200229 0.0185583 -0.00197294 0.0112191 -0.00221542 -0.00180185 52.283000000
0.0154305 -0.00317113 0.0193088 -0.00200364 0.0193088 -0.00197085 0.012544 -0.00222123 -0.00180798 52.335000000
0.0191917 -0.0031779 0.02307 -0.00201041 0.02307 -0.0019604 0.0176648 -0.00223149 -0.00179957 52.380000000
0.025765 -0.00318972 0.0298603 -0.00202271 0.0298602 -0.00194148 0.0270235 -0.00225039 -0.00181106 52.428000000
0.0416207 -0.0032187 0.045716 -0.00205169 0.0457159 -0.00189712 0.0420531 -0.00228046 -0.00182768 52.478000000
0.063479 -0.00325452 0.0683758 -0.00209336 0.0683756 -0.00183348 0.0614104 -0.00231794 -0.00183882 52.529000000
0.0823648 -0.00328954 0.0872617 -0.00212838 0.0872615 -0.00178032 0.0872327 -0.00236809 -0.00185461 52.581000000
0.103435 -0.00332206 0.109171 -0.00216914 0.109171 -0.00171851 0.112 -0.00241362 -0.00186015 52.624000000
0.141691 -0.00345854 0.147428 -0.00230562 0.147428 -0.00162989 0.153519 -0.0030065 -0.00356748 52.686000000
0.183746 -0.00386333 0.191306 -0.00276443 0.191306 -0.00206081 0.183438 -0.00445023 -0.0104562 52.730000000
0.214265 -0.00477369 0.221826 -0.0036748 0.221833 -0.00271355 0.22312 -0.00794554 -0.0298196 52.784000000
0.255716 -0.00648094 0.263277 -0.00538206 0.2633 -0.00397715 0.257005 -0.011037 -0.041164 52.833000000
0.28623 -0.0081872 0.293791 -0.00708833 0.293832 -0.00532396 0.290273 -0.0146728 -0.055859 52.882000000
0.3298 -0.0111212 0.337362 -0.0100224 0.337426 -0.00789241 0.325849 -0.0189056 -0.0672381 52.934000000
0.358818 -0.0135035 0.366381 -0.0124046 0.36648 -0.00980127 0.360296 -0.02339 -0.0819084 52.983000000
0.390667 -0.0165215 0.398231 -0.0154227 0.398377 -0.0122668 0.392887 -0.0282858 -0.094478 53.027000000
0.434795 -0.0212269 0.44236 -0.0201282 0.442581 -0.0162044 0.429416 -0.0340459 -0.106229 53.077000000
0.48016 -0.0269587 0.487725 -0.02586 0.48805 -0.0210474 0.468573 -0.0411027 -0.125683 53.130000000
0.508298 -0.0308566 0.515865 -0.029758 0.516281 -0.0242212 0.507048 -0.047842 -0.137645 53.185000000
0.539947 -0.0355168 0.547515 -0.0344182 0.548028 -0.0281625 0.536967 -0.0532137 -0.146192 53.227000000
0.587406 -0.0427362 0.594975 -0.0416377 0.595559 -0.0349036 0.572682 -0.0597887 -0.150959 53.278000000
0.61898 -0.0478634 0.62655 -0.046765 0.627176 -0.0397627 0.608602 -0.0663958 -0.160982 53.330000000
0.663434 -0.0554045 0.671006 -0.0543062 0.671652 -0.047182 0.64737 -0.0746733 -0.168034 53.385000000
0.710634 -0.0642491 0.718207 -0.063151 0.718848 -0.0560539 0.68033 -0.0827981 -0.185236 53.431000000
0.742003 -0.0705621 0.749577 -0.0694641 0.750213 -0.0623962 0.714593 -0.0915477 -0.198591 53.479000000
0.757466 -0.075206 0.777933 -0.0755382 0.778603 -0.0683085 0.749592 -0.0997261 -0.21102 53.528000000
0.804283 -0.0857457 0.824751 -0.0860781 0.825407 -0.0789085 0.78763 -0.109191 -0.221433 53.582000000
0.835449 -0.0929281 0.855919 -0.0932607 0.856517 -0.0863348 0.818409 -0.116834 -0.226498 53.626000000
0.882093 -0.104174 0.902565 -0.104506 0.902988 -0.0982866 0.858144 -0.12707 -0.236573 53.683000000
0.908875 -0.110813 0.929348 -0.111146 0.929671 -0.105318 0.886681 -0.134733 -0.242998 53.727000000
0.963826 -0.125151 0.984302 -0.125484 0.98443 -0.120384 0.928556 -0.147041 -0.255229 53.787000000
0.962454 -0.126903 0.999778 -0.129663 0.999865 -0.124709 0.956583 -0.155626 -0.263737 53.827000000
1.00861 -0.139958 1.04594 -0.142719 1.04587 -0.138306 1.00167 -0.170151 -0.275629 53.886000000
1.05462 -0.153542 1.09195 -0.156303 1.09168 -0.15256 1.03183 -0.179425 -0.287065 53.927000000
1.08503 -0.162627 1.12236 -0.165389 1.1219 -0.162261 1.07052 -0.191046 -0.290325 53.984000000
1.09238 -0.167641 1.14907 -0.173616 1.14847 -0.17092 1.10003 -0.201424 -0.298897 54.027000000
1.1355 -0.181622 1.19219 -0.187598 1.19144 -0.185365 1.13622 -0.215065 -0.313521 54.079000000
1.18079 -0.197116 1.23748 -0.203092 1.23659 -0.201249 1.17287 -0.230529 -0.329621 54.130000000
1.20786 -0.206929 1.26456 -0.212905 1.26371 -0.210934 1.20192 -0.242109 -0.347714 54.172000000
1.23397 -0.216644 1.29067 -0.222621 1.28992 -0.220393 1.23765 -0.256382 -0.356223 54.225000000
1.27357 -0.231561 1.33027 -0.237538 1.32969 -0.234849 1.27297 -0.27019 -0.360266 54.280000000
1.31822 -0.248958 1.37492 -0.254936 1.37455 -0.251704 1.30725 -0.285428 -0.371529 54.327000000
1.34598 -0.260136 1.40268 -0.266114 1.40252 -0.262347 1.34029 -0.300054 -0.38272 54.376000000
1.37531 -0.272542 1.43201 -0.27852 1.43218 -0.273939 1.37534 -0.317056 -0.400229 54.426000000
1.41913 -0.291958 1.47584 -0.297937 1.47664 -0.29188 1.41833 -0.338036 -0.417021 54.487000000
1.46271 -0.311879 1.51942 -0.317859 1.52088 -0.310295 1.447 -0.352769 -0.428744 54.527000000
1.49162 -0.325471 1.54833 -0.331452 1.55028 -0.322786 1.48108 -0.370589 -0.439495 54.577000000
1.518 -0.33818 1.57471 -0.344161 1.57718 -0.334347 1.51237 -0.386359 -0.448977 54.625000000
1.55592 -0.356865 1.61263 -0.362847 1.61593 -0.35125 1.54582 -0.403911 -0.457824 54.678000000
1.59412 -0.376297 1.65084 -0.382279 1.65508 -0.368712 1.57542 -0.420402 -0.47049 54.727000000
1.6206 -0.389934 1.67732 -0.395918 1.68223 -0.380966 1.60883 -0.438473 -0.475608 54.779000000
1.64875 -0.404942 1.70548 -0.410926 1.71122 -0.3943 1.64066 -0.456957 -0.489691 54.827000000
1.68796 -0.426197 1.7447 -0.432182 1.75164 -0.413163 1.6762 -0.477594 -0.496746 54.881000000
1.72823 -0.448489 1.78496 -0.454475 1.79324 -0.432857 1.70977 -0.497035 -0.505603 54.932000000
1.75606 -0.464193 1.8128 -0.47018 1.82206 -0.446683 1.73952 -0.515118 -0.51362 54.977000000
1.79601 -0.487254 1.85275 -0.493242 1.86353 -0.46687 1.77667 -0.537524 -0.52355 55.034000000
1.82226 -0.502659 1.879 -0.508647 1.89083 -0.480328 1.80836 -0.557625 -0.53072 55.084000000
1.86114 -0.526023 1.91789 -0.532013 1.93141 -0.500616 1.83796 -0.57647 -0.541074 55.131000000
1.88838 -0.542669 1.94514 -0.54866 1.9599 -0.515042 1.87027 -0.597356 -0.548389 55.178000000
1.89271 -0.556439 1.98426 -0.573144 2.00095 -0.536121 1.90331 -0.61922 -0.559186 55.232000000
1.91844 -0.57281 2.01 -0.589516 2.02802 -0.550192 1.93493 -0.640813 -0.566578 55.283000000
1.95518 -0.596766 2.04674 -0.613473 2.06682 -0.570646 1.96283 -0.660243 -0.577793 55.329000000
1.97908 -0.612552 2.07064 -0.629261 2.09212 -0.584081 1.99057 -0.679672 -0.583713 55.377000000
2.00473 -0.629676 2.09629 -0.646386 2.11931 -0.598627 2.02094 -0.700818 -0.588701 55.427000000
2.04015 -0.653815 2.13172 -0.670527 2.15705 -0.61898 2.05283 -0.723481 -0.598068 55.480000000
2.07566 -0.678434 2.16724 -0.695147 2.19496 -0.639711 2.08048 -0.743823 -0.606196 55.528000000
2.10036 -0.695752 2.19194 -0.712466 2.22141 -0.654235 2.11258 -0.767031 -0.611514 55.582000000
2.08666 -0.699985 2.21677 -0.730182 2.2481 -0.669005 2.14598 -0.791927 -0.619638 55.629000000
2.12552 -0.728007 2.25564 -0.758206 2.28992 -0.692398 2.1764 -0.814875 -0.624664 55.684000000
2.15135 -0.746871 2.28147 -0.777071 2.31779 -0.708101 2.20077 -0.833507 -0.63078 55.723000000
2.18928 -0.775012 2.3194 -0.805214 2.35883 -0.731476 2.23678 -0.861154 -0.638349 55.781000000
2.22589 -0.802459 2.35602 -0.832663 2.39849 -0.754308 2.26411 -0.882455 -0.64325 55.827000000
2.2507 -0.82137 2.38083 -0.851575 2.42548 -0.769958 2.2963 -0.908048 -0.651243 55.881000000
2.2881 -0.850213 2.41824 -0.88042 2.46622 -0.793844 2.32892 -0.934279 -0.656937 55.935000000
2.31155 -0.868492 2.4417 -0.898701 2.49184 -0.808965 2.35132 -0.952609 -0.661966 55.975000000
2.34456 -0.894662 2.47471 -0.924872 2.52801 -0.830558 2.37897 -0.975725 -0.670344 56.027000000
2.36894 -0.91422 2.49909 -0.944432 2.5548 -0.846668 2.40923 -1.00122 -0.676024 56.077000000
2.39367 -0.934403 2.52383 -0.964618 2.58211 -0.863213 2.44772 -1.03384 -0.684316 56.141000000
2.43013 -0.964455 2.56029 -0.994671 2.62241 -0.887884 2.47244 -1.05519 -0.689364 56.184000000
2.46511 -0.993772 2.59528 -1.02399 2.66122 -0.911903 2.49977 -1.07903 -0.697489 56.232000000
2.48801 -1.01318 2.61819 -1.0434 2.6867 -0.927778 2.52726 -1.10354 -0.702908 56.282000000
2.52096 -1.04154 2.65114 -1.07176 2.72349 -0.950946 2.55278 -1.1264 -0.71074 56.329000000
2.54251 -1.06027 2.6727 -1.0905 2.74762 -0.96624 2.57731 -1.14847 -0.715464 56.377000000
2.57174 -1.08594 2.70193 -1.11616 2.78038 -0.987225 2.6017 -1.17095 -0.720511 56.430000000
2.58978 -1.10201 2.71998 -1.13224 2.80068 -1.00032 2.6251 -1.19269 -0.727622 56.483000000
2.61646 -1.12602 2.74666 -1.15626 2.83076 -1.01992 2.64559 -1.21231 -0.732832 56.532000000
2.63412 -1.1422 2.76432 -1.17243 2.85079 -1.03306 2.6651 -1.23152 -0.741424 56.577000000
2.66171 -1.16771 2.79192 -1.19794 2.88216 -1.05376 2.69147 -1.25658 -0.74618 56.636000000
2.6797 -1.1844 2.80991 -1.21464 2.90263 -1.06729 2.70831 -1.27251 -0.74822 56.675000000
2.70595 -1.20895 2.83617 -1.23919 2.93259 -1.08717 2.7343 -1.29736 -0.751694 56.736000000
2.72266 -1.22463 2.85289 -1.25487 2.95167 -1.09986 2.75163 -1.3138 -0.753495 56.778000000
2.74699 -1.24754 2.87722 -1.27779 2.97947 -1.11842 2.77187 -1.33322 -0.755418 56.829000000
2.76274 -1.26247 2.89297 -1.29271 2.99751 -1.13049 2.79031 -1.3512 -0.758554 56.875000000
2.7855 -1.28414 2.91574 -1.31439 3.02361 -1.14801 2.8095 -1.36996 -0.760765 56.929000000
2.80026 -1.29828 2.9305 -1.32854 3.04057 -1.15943 2.82679 -1.38701 -0.764084 56.976000000
2.7704 -1.29438 2.95238 -1.34958 3.06573 -1.17641 2.84638 -1.40631 -0.766139 57.032000000
2.7846 -1.30804 2.96658 -1.36325 3.08205 -1.18746 2.85967 -1.41498 -0.766244 57.079000000
2.75444 -1.30277 2.98784 -1.38309 3.1061 -1.2038 2.87173 -1.41158 -0.751025 57.132000000
2.7697 -1.31634 3.0031 -1.39667 3.12299 -1.21529 2.8915 -1.41213 -0.726825 57.185000000
2.79408 -1.3382 3.02633 -1.41719 3.1486 -1.23275 2.90437 -1.41015 -0.723507 57.235000000
2.8096 -1.35128 3.04186 -1.43027 3.16537 -1.24421 2.91812 -1.40635 -0.70025 57.276000000
2.83098 -1.36945 3.06279 -1.44771 3.18786 -1.25958 2.9363 -1.40568 -0.694553 57.333000000
2.84348 -1.37962 3.0753 -1.45788 3.20115 -1.26871 2.94938 -1.40186 -0.682797 57.381000000
2.86147 -1.39455 3.09344 -1.47256 3.22035 -1.28197 2.9646 -1.3964 -0.680315 57.435000000
2.87134 -1.40256 3.10331 -1.48057 3.2308 -1.28922 2.97555 -1.39243 -0.681703 57.480000000
2.88414 -1.41114 3.11506 -1.49002 3.24318 -1.29783 2.98414 -1.39462 -0.67748 57.539000000
2.88888 -1.41493 3.11981 -1.49382 3.24817 -1.3013 2.98833 -1.3963 -0.673617 57.590000000
2.8933 -1.41602 3.12275 -1.49616 3.25124 -1.30345 2.98931 -1.39632 -0.673421 57.632000000
2.89235 -1.41526 3.1218 -1.4954 3.25025 -1.30276 2.98714 -1.39489 -0.675312 57.685000000
2.89078 -1.41187 3.11851 -1.49275 3.24679 -1.30033 2.98254 -1.39145 -0.676917 57.727000000
2.88212 -1.4049 3.10985 -1.48579 3.2377 -1.29394 2.97365 -1.38437 -0.677843 57.785000000
2.87782 -1.39906 3.10363 -1.48077 3.23116 -1.28934 2.96602 -1.37822 -0.677844 57.833000000
2.86847 -1.39153 3.09428 -1.47325 3.22135 -1.28244 2.9587 -1.37233 -0.677844 57.881000000
2.86157 -1.38367 3.08494 -1.46573 3.21154 -1.27554 2.95092 -1.36606 -0.677845 57.931000000
2.85533 -1.37865 3.07871 -1.46071 3.205 -1.27094 2.9436 -1.36017 -0.677845 57.978000000
2.84802 -1.37052 3.06937 -1.45319 3.19518 -1.26404 2.93503 -1.35328 -0.677846 58.032000000
2.84179 -1.3655 3.06314 -1.44817 3.18864 -1.25944 2.92725 -1.34701 -0.677845 58.082000000
2.83422 -1.35727 3.05379 -1.44065 3.17883 -1.25254 2.91931 -1.34062 -0.677848 58.132000000
2.82867 -1.3528 3.04825 -1.43619 3.17301 -1.24845 2.91268 -1.33544 -0.678258 58.189000000
2.82873 -1.35093 3.04623 -1.43454 3.17089 -1.24692 2.91169 -1.33576 -0.683819 58.231000000
2.82873 -1.35093 3.04623 -1.43454 3.17089 -1.24693 2.91187 -1.33673 -0.702421 58.283000000
2.83051 -1.35125 3.04624 -1.43455 3.1709 -1.24694 2.91216 -1.33745 -0.718917 58.334000000
2.8305 -1.35125 3.04624 -1.43455 3.1709 -1.24694 2.91249 -1.33722 -0.728652 58.381000000
2.83245 -1.35192 3.04616 -1.43448 3.17082 -1.24687 2.91113 -1.33547 -0.739538 58.434000000
2.83244 -1.35192 3.04616 -1.43448 3.17082 -1.24687 2.91107 -1.33576 -0.750245 58.484000000
2.83397 -1.35149 3.04617 -1.43448 3.17083 -1.24688 2.91104 -1.33634 -0.761917 58.530000000
2.83396 -1.35148 3.04617 -1.43448 3.17083 -1.24688 2.91079 -1.33718 -0.780778 58.583000000
2.83552 -1.35147 3.04618 -1.43449 3.17084 -1.24688 2.91091 -1.33764 -0.794482 58.625000000
2.83553 -1.35148 3.04619 -1.4345 3.17085 -1.2469 2.91082 -1.3384 -0.80891 58.682000000
2.8372 -1.35279 3.0462 -1.43451 3.17086 -1.2469 2.91071 -1.33921 -0.818947 58.724000000
2.8356 -1.35103 3.0446 -1.43275 3.16911 -1.24529 2.90977 -1.33903 -0.83322 58.787000000
2.837 -1.35164 3.04461 -1.43276 3.16912 -1.2453 2.90933 -1.33958 -0.848067 58.826000000
2.83702 -1.35167 3.04463 -1.43279 3.16914 -1.24533 2.90885 -1.34019 -0.858108 58.885000000
2.83846 -1.3526 3.04465 -1.43281 3.16916 -1.24534 2.90862 -1.34078 -0.872969 58.930000000
2.83847 -1.35261 3.04466 -1.43282 3.16917 -1.24535 2.90833 -1.34148 -0.887799 58.987000000
2.83949 -1.35282 3.04467 -1.43284 3.16919 -1.24537 2.90802 -1.34202 -0.897957 59.026000000
2.8395 -1.35283 3.04469 -1.43286 3.16921 -1.24539 2.90753 -1.34239 -0.907775 59.081000000
2.84089 -1.35388 3.04471 -1.43289 3.16923 -1.24541 2.90684 -1.34305 -0.922553 59.142000000
2.8409 -1.3539 3.04472 -1.43291 3.16925 -1.24543 2.90589 -1.34366 -0.938735 59.187000000
2.84195 -1.35423 3.04473 -1.43292 3.16925 -1.24544 2.90501 -1.34422 -0.949018 59.232000000
2.84195 -1.35424 3.04474 -1.43293 3.16926 -1.24545 2.90391 -1.34468 -0.959397 59.285000000
2.84332 -1.35536 3.04474 -1.43293 3.16927 -1.24546 2.90326 -1.34518 -0.975202 59.327000000
2.84202 -1.3534 3.04344 -1.43098 3.16774 -1.24368 2.90126 -1.34385 -0.985106 59.385000000
2.84238 -1.35281 3.04248 -1.42948 3.16659 -1.24231 2.90007 -1.34305 -0.997186 59.432000000
2.84238 -1.35283 3.04248 -1.42949 3.1666 -1.24233 2.8993 -1.34336 -1.01427 59.486000000
2.84335 -1.35401 3.04249 -1.4295 3.16661 -1.24234 2.89843 -1.34341 -1.02587 59.526000000
2.84335 -1.35401 3.0425 -1.42951 3.16661 -1.24234 2.8972 -1.34313 -1.04317 59.587000000
2.84461 -1.35537 3.0425 -1.42953 3.16662 -1.24236 2.89653 -1.34259 -1.05386 59.632000000
2.84462 -1.35539 3.04251 -1.42955 3.16663 -1.24237 2.89537 -1.34253 -1.07162 59.687000000
2.84585 -1.35673 3.04252 -1.42956 3.16664 -1.24239 2.89452 -1.34218 -1.0826 59.732000000
2.84585 -1.35674 3.04253 -1.42957 3.16665 -1.2424 2.89338 -1.34227 -1.0948 59.776000000
2.84707 -1.35804 3.04253 -1.42958 3.16666 -1.24241 2.89173 -1.34226 -1.10677 59.827000000
2.84706 -1.35805 3.04253 -1.42959 3.16666 -1.24241 2.88996 -1.34254 -1.12559 59.879000000
2.84826 -1.35934 3.04254 -1.42961 3.16667 -1.24243 2.88801 -1.34291 -1.14398 59.933000000
2.84826 -1.35935 3.04255 -1.42962 3.16668 -1.24245 2.88635 -1.34283 -1.15633 59.983000000
2.84826 -1.35937 3.04256 -1.42964 3.16669 -1.24246 2.88437 -1.34251 -1.17376 60.039000000
2.84827 -1.35939 3.04257 -1.42967 3.16671 -1.24249 2.88277 -1.34239 -1.18661 60.084000000
2.8476 -1.35771 3.04191 -1.42799 3.16578 -1.24094 2.88139 -1.34131 -1.19596 60.129000000
2.84759 -1.3577 3.04191 -1.42798 3.16578 -1.24093 2.87955 -1.34136 -1.21129 60.184000000
2.8476 -1.35774 3.04192 -1.42803 3.1658 -1.24097 2.87803 -1.34127 -1.2222 60.228000000
2.84762 -1.35779 3.04194 -1.42808 3.16583 -1.24102 2.87632 -1.34092 -1.23871 60.280000000
2.84762 -1.35781 3.04195 -1.4281 3.16584 -1.24104 2.87425 -1.34075 -1.25503 60.336000000
2.84762 -1.35784 3.04196 -1.42813 3.16585 -1.24107 2.87282 -1.34053 -1.26612 60.376000000
2.84762 -1.35786 3.04196 -1.42815 3.16586 -1.24109 2.8703 -1.34051 -1.27742 60.436000000
2.84762 -1.35787 3.04197 -1.42816 3.16587 -1.2411 2.8685 -1.34054 -1.29582 60.478000000
2.84761 -1.35784 3.04196 -1.42814 3.16586 -1.24108 2.86624 -1.34079 -1.30718 60.534000000
2.84713 -1.35602 3.04149 -1.42632 3.16503 -1.23939 2.86489 -1.33995 -1.31913 60.579000000
2.84713 -1.35605 3.0415 -1.42635 3.16504 -1.23942 2.86286 -1.33937 -1.33091 60.634000000
2.84713 -1.35604 3.0415 -1.42635 3.16504 -1.23942 2.86083 -1.33917 -1.34387 60.677000000
2.84712 -1.35604 3.0415 -1.42635 3.16504 -1.23942 2.85856 -1.3391 -1.36377 60.725000000
2.84712 -1.35603 3.0415 -1.42634 3.16504 -1.23941 2.85614 -1.33898 -1.3831 60.778000000
2.84711 -1.35604 3.0415 -1.42635 3.16505 -1.23942 2.85331 -1.33844 -1.40229 60.839000000
2.84711 -1.35607 3.04151 -1.42639 3.16506 -1.23945 2.85104 -1.33777 -1.41554 60.886000000
2.84711 -1.35609 3.04151 -1.42642 3.16507 -1.23948 2.84893 -1.33724 -1.42884 60.928000000
2.84687 -1.35424 3.04128 -1.42457 3.1644 -1.23774 2.84695 -1.33635 -1.44459 60.981000000
2.84686 -1.35416 3.04127 -1.42449 3.16437 -1.23767 2.84525 -1.3367 -1.45468 61.030000000
2.84684 -1.35402 3.04125 -1.42435 3.16433 -1.23754 2.84418 -1.33843 -1.46554 61.078000000
2.84681 -1.35381 3.04123 -1.42414 3.16426 -1.23734 2.84345 -1.34115 -1.47072 61.133000000
2.84679 -1.35366 3.04122 -1.42399 3.16421 -1.2372 2.843 -1.34403 -1.47706 61.181000000
2.84677 -1.35353 3.04121 -1.42387 3.16417 -1.23708 2.84163 -1.34569 -1.48326 61.235000000
2.84677 -1.35354 3.04121 -1.42388 3.16417 -1.23709 2.83976 -1.34462 -1.49826 61.285000000
2.84676 -1.35344 3.0412 -1.42379 3.16415 -1.237 2.83814 -1.34476 -1.50902 61.327000000
2.84674 -1.35331 3.0412 -1.42366 3.16411 -1.23688 2.83668 -1.34676 -1.52012 61.387000000
2.84673 -1.35317 3.04119 -1.42352 3.16407 -1.23675 2.83606 -1.34855 -1.52544 61.424000000
2.84672 -1.35296 3.04118 -1.42331 3.16402 -1.23654 2.83528 -1.35182 -1.53187 61.481000000
2.84671 -1.35275 3.04117 -1.42311 3.16396 -1.23635 2.83471 -1.35471 -1.53565 61.530000000
2.84665 -1.35096 3.04112 -1.42131 3.16351 -1.23461 2.83369 -1.35528 -1.54157 61.588000000
2.84664 -1.35095 3.04112 -1.42131 3.16351 -1.2346 2.83174 -1.35438 -1.55385 61.630000000
2.84664 -1.35103 3.04112 -1.42139 3.16353 -1.23468 2.82987 -1.35174 -1.56921 61.682000000
2.84664 -1.34935 3.04113 -1.41971 3.16316 -1.23305 2.82879 -1.3493 -1.57604 61.725000000
2.84663 -1.34944 3.04113 -1.4198 3.16318 -1.23314 2.82683 -1.34738 -1.58468 61.782000000
2.84661 -1.34952 3.04113 -1.4199 3.1632 -1.23323 2.82515 -1.34591 -1.59957 61.828000000
2.8466 -1.34957 3.04112 -1.41995 3.1632 -1.23328 2.82303 -1.34456 -1.61529 61.884000000
2.84653 -1.34968 3.04113 -1.41986 3.16319 -1.23319 2.82133 -1.34478 -1.62559 61.933000000
2.84652 -1.34964 3.04113 -1.41982 3.16318 -1.23315 2.81951 -1.34383 -1.63944 61.988000000
2.84649 -1.34994 3.04114 -1.41977 3.16317 -1.2331 2.81838 -1.34362 -1.64884 62.029000000
2.84648 -1.34996 3.04113 -1.41979 3.16318 -1.23312 2.81665 -1.34159 -1.66124 62.086000000
2.84628 -1.35056 3.04112 -1.4199 3.16319 -1.23323 2.81489 -1.34048 -1.6726 62.129000000
2.84627 -1.35053 3.04113 -1.41987 3.16319 -1.2332 2.8128 -1.34001 -1.68917 62.185000000
2.84595 -1.35065 3.04114 -1.41979 3.16318 -1.23313 2.81073 -1.33926 -1.70499 62.241000000
2.8462 -1.34889 3.04139 -1.41804 3.16298 -1.23137 2.80937 -1.33801 -1.71501 62.287000000
2.84628 -1.3499 3.04139 -1.41802 3.16298 -1.23134 2.80783 -1.33716 -1.72719 62.334000000
2.84628 -1.34987 3.0414 -1.41799 3.16298 -1.23132 2.80691 -1.33458 -1.73848 62.385000000
2.84578 -1.34997 3.0414 -1.41799 3.16298 -1.23131 2.80621 -1.33159 -1.74631 62.436000000
2.84577 -1.34995 3.0414 -1.41798 3.16298 -1.2313 2.80489 -1.32948 -1.76099 62.491000000
2.84568 -1.35056 3.0414 -1.418 3.16298 -1.23132 2.80478 -1.32676 -1.7649 62.530000000
2.84568 -1.35055 3.0414 -1.41799 3.16298 -1.23131 2.80424 -1.32363 -1.77576 62.586000000
2.84528 -1.35063 3.0414 -1.41798 3.16298 -1.2313 2.80386 -1.32115 -1.78242 62.627000000
2.84528 -1.35058 3.04141 -1.41793 3.16298 -1.23126 2.80299 -1.31905 -1.79504 62.682000000
2.84462 -1.34863 3.04181 -1.41624 3.16295 -1.22952 2.8024 -1.31688 -1.80221 62.730000000
2.84461 -1.34868 3.0418 -1.41629 3.16295 -1.22956 2.80114 -1.31505 -1.81625 62.782000000
2.84358 -1.3485 3.0418 -1.41627 3.16295 -1.22955 2.80139 -1.31223 -1.81945 62.827000000
2.84357 -1.34851 3.0418 -1.41628 3.16295 -1.22956 2.80022 -1.31059 -1.82799 62.877000000
2.84287 -1.34794 3.04181 -1.41623 3.16296 -1.22951 2.79867 -1.30985 -1.84344 62.929000000
2.84287 -1.34794 3.04181 -1.41623 3.16296 -1.22951 2.79815 -1.3074 -1.85466 62.986000000
2.8424 -1.34766 3.04182 -1.41622 3.16296 -1.2295 2.7982 -1.30464 -1.85964 63.036000000
2.8424 -1.34763 3.04182 -1.4162 3.16296 -1.22947 2.79776 -1.3026 -1.86749 63.083000000
2.84196 -1.34774 3.04182 -1.4162 3.16296 -1.22948 2.79661 -1.30133 -1.88051 63.130000000
2.84197 -1.3477 3.04184 -1.41616 3.16296 -1.22943 2.79682 -1.29916 -1.8883 63.183000000
2.84141 -1.34691 3.04187 -1.41605 3.16297 -1.22932 2.79627 -1.29776 -1.89611 63.230000000
2.84141 -1.34689 3.04188 -1.41604 3.16297 -1.2293 2.79524 -1.29681 -1.9052 63.283000000
2.84086 -1.34619 3.04189 -1.41602 3.16297 -1.22928 2.79487 -1.29563 -1.91822 63.326000000
2.84142 -1.34466 3.04245 -1.41448 3.16316 -1.22766 2.79492 -1.29346 -1.92534 63.382000000
2.84086 -1.34375 3.04249 -1.4144 3.16317 -1.22757 2.79414 -1.29214 -1.93773 63.436000000
2.84086 -1.34373 3.04249 -1.41438 3.16317 -1.22755 2.79287 -1.29102 -1.95557 63.486000000
2.84087 -1.34371 3.0425 -1.41436 3.16317 -1.22753 2.7919 -1.29004 -1.9667 63.538000000
2.84087 -1.3437 3.04251 -1.41435 3.16318 -1.22751 2.79206 -1.28892 -1.97511 63.584000000
2.84087 -1.34368 3.04251 -1.41433 3.16318 -1.22749 2.79188 -1.28828 -1.98773 63.628000000
2.84087 -1.34366 3.04252 -1.41432 3.16318 -1.22748 2.79282 -1.28621 -1.99268 63.678000000
2.84091 -1.34356 3.04257 -1.41422 3.1632 -1.22738 2.7913 -1.28651 -2.00983 63.737000000
2.84091 -1.34355 3.04257 -1.41421 3.16321 -1.22736 2.79044 -1.28727 -2.02049 63.779000000
2.84091 -1.34354 3.04257 -1.4142 3.16321 -1.22736 2.78917 -1.2879 -2.03772 63.839000000
2.84091 -1.34352 3.04258 -1.41419 3.16321 -1.22734 2.78932 -1.28745 -2.04665 63.881000000
2.84092 -1.3435 3.04259 -1.41417 3.16322 -1.22731 2.78795 -1.28752 -2.05812 63.937000000
2.84091 -1.34348 3.0426 -1.41416 3.16322 -1.2273 2.78709 -1.288 -2.07571 63.977000000
2.84092 -1.34346 3.04261 -1.41413 3.16323 -1.22728 2.78565 -1.28877 -2.08742 64.035000000
2.84093 -1.34344 3.04262 -1.41412 3.16323 -1.22726 2.78682 -1.28707 -2.09954 64.085000000
2.84176 -1.34201 3.04346 -1.41269 3.1637 -1.22567 2.78755 -1.28462 -2.10327 64.130000000
2.84176 -1.342 3.04347 -1.41268 3.1637 -1.22566 2.7881 -1.28208 -2.11375 64.188000000
2.84176 -1.34199 3.04347 -1.41267 3.16371 -1.22565 2.78837 -1.28069 -2.12139 64.227000000
2.84176 -1.34198 3.04348 -1.41266 3.16371 -1.22564 2.78921 -1.27834 -2.12736 64.278000000
2.84177 -1.34195 3.0435 -1.41264 3.16372 -1.22561 2.78799 -1.27728 -2.14157 64.327000000
2.84177 -1.34193 3.0435 -1.41263 3.16372 -1.2256 2.78658 -1.27663 -2.15781 64.384000000
2.84177 -1.34193 3.0435 -1.41263 3.16372 -1.2256 2.786 -1.27583 -2.16773 64.435000000
2.84176 -1.34193 3.0435 -1.41262 3.16373 -1.2256 2.78535 -1.27555 -2.18169 64.484000000
2.84176 -1.34192 3.04351 -1.41262 3.16373 -1.22559 2.78434 -1.27549 -2.19158 64.530000000
2.84176 -1.3419 3.04352 -1.41261 3.16373 -1.22558 2.78334 -1.27512 -2.20635 64.597000000
2.84176 -1.34189 3.04352 -1.4126 3.16374 -1.22557 2.78248 -1.27518 -2.21717 64.629000000
2.84176 -1.34189 3.04352 -1.4126 3.16374 -1.22557 2.78151 -1.27543 -2.23188 64.686000000
2.84275 -1.34063 3.04452 -1.41134 3.16437 -1.2241 2.78166 -1.27477 -2.24117 64.729000000
2.84273 -1.34064 3.04451 -1.41135 3.16436 -1.22411 2.77999 -1.27447 -2.25428 64.781000000
2.84271 -1.34066 3.04449 -1.41138 3.16435 -1.22414 2.77888 -1.27479 -2.27216 64.829000000
2.84271 -1.34065 3.0445 -1.41137 3.16436 -1.22413 2.77827 -1.27499 -2.2831 64.877000000
2.84336 -1.3399 3.04516 -1.41062 3.16478 -1.22323 2.77838 -1.27382 -2.29409 64.935000000
2.84199 -1.34143 3.04379 -1.41216 3.16389 -1.22508 2.77597 -1.27531 -2.29947 64.978000000
2.83629 -1.34772 3.03809 -1.41845 3.16017 -1.23271 2.76947 -1.28123 -2.30614 65.034000000
2.8259 -1.35934 3.02772 -1.43007 3.15356 -1.24681 2.75974 -1.29218 -2.29992 65.082000000
2.81562 -1.37147 3.01744 -1.4422 3.14703 -1.26131 2.74819 -1.30563 -2.2736 65.125000000
2.80058 -1.39005 3.0024 -1.46079 3.13774 -1.28334 2.73316 -1.32256 -2.25097 65.184000000
2.78943 -1.4042 2.99126 -1.47494 3.13098 -1.30003 2.7215 -1.33626 -2.23781 65.235000000
2.78329 -1.41233 2.98512 -1.48307 3.12722 -1.3095 2.71059 -1.3494 -2.21781 65.290000000
2.77072 -1.42954 2.97256 -1.50028 3.11981 -1.32948 2.70211 -1.3606 -2.20102 65.328000000
2.76249 -1.44119 2.96434 -1.51193 3.11507 -1.34293 2.69203 -1.37358 -2.18538 65.378000000
2.75719 -1.449 2.95904 -1.51975 3.11199 -1.35186 2.68355 -1.38476 -2.16636 65.427000000
2.74633 -1.46586 2.94819 -1.53661 3.10589 -1.37096 2.67243 -1.39995 -2.14268 65.487000000
2.73564 -1.48306 2.9375 -1.55382 3.10019 -1.3904 2.66533 -1.41152 -2.12674 65.530000000
2.73123 -1.49039 2.9331 -1.56114 3.09785 -1.39861 2.65802 -1.42353 -2.11171 65.579000000
2.72498 -1.50133 2.92685 -1.57209 3.09457 -1.41079 2.65099 -1.43599 -2.08928 65.627000000
2.71817 -1.51369 2.92004 -1.58445 3.0911 -1.42446 2.6448 -1.44761 -2.07427 65.677000000
2.71262 -1.52406 2.9145 -1.59483 3.08839 -1.43591 2.63799 -1.45941 -2.06118 65.727000000
2.70457 -1.54001 2.90646 -1.61078 3.08468 -1.45338 2.63182 -1.47141 -2.03765 65.779000000
2.69944 -1.55072 2.90133 -1.62149 3.08239 -1.46504 2.6252 -1.48328 -2.01739 65.834000000
2.69407 -1.56237 2.89597 -1.63315 3.08011 -1.47767 2.61979 -1.49523 -2.00236 65.886000000
2.68749 -1.57765 2.88939 -1.64843 3.07753 -1.4941 2.61614 -1.50589 -1.97707 65.928000000
2.68323 -1.58802 2.88514 -1.65881 3.07597 -1.50521 2.61253 -1.51798 -1.95958 65.977000000
2.68103 -1.59378 2.88294 -1.66457 3.07515 -1.51132 2.60903 -1.52957 -1.93524 66.027000000
2.67397 -1.61327 2.87589 -1.68406 3.07304 -1.53194 2.60521 -1.54407 -1.91785 66.088000000
2.66983 -1.62018 2.87261 -1.69391 3.07215 -1.54228 2.60273 -1.55383 -1.89296 66.128000000
2.66824 -1.62519 2.87102 -1.69892 3.07173 -1.54752 2.60052 -1.56263 -1.87693 66.173000000
2.66417 -1.63884 2.86695 -1.71258 3.07093 -1.56175 2.59891 -1.5756 -1.86031 66.231000000
2.6617 -1.64809 2.86449 -1.72183 3.07054 -1.57132 2.59771 -1.58984 -1.83128 66.291000000
2.65764 -1.65831 2.86104 -1.73573 3.07031 -1.58564 2.59728 -1.59955 -1.81359 66.330000000
2.65643 -1.66372 2.85984 -1.74114 3.07025 -1.59117 2.59733 -1.6102 -1.78952 66.377000000
2.65288 -1.68119 2.85629 -1.75862 3.07055 -1.60901 2.59702 -1.62451 -1.77108 66.430000000
2.6509 -1.69287 2.85432 -1.7703 3.07097 -1.62085 2.59853 -1.64161 -1.73783 66.485000000
2.64915 -1.70494 2.85258 -1.78238 3.07159 -1.63303 2.59987 -1.65312 -1.71435 66.528000000
2.64793 -1.71589 2.85136 -1.79333 3.07236 -1.64403 2.60232 -1.66855 -1.68165 66.586000000
2.64609 -1.72718 2.84991 -1.80962 3.07392 -1.6603 2.60484 -1.68301 -1.65922 66.633000000
2.64577 -1.73259 2.8496 -1.81503 3.07448 -1.6657 2.60772 -1.69851 -1.62805 66.686000000
2.64523 -1.7477 2.84907 -1.83015 3.07645 -1.6807 2.61058 -1.70999 -1.60645 66.728000000
2.6452 -1.75234 2.84904 -1.83479 3.07709 -1.6853 2.61422 -1.72387 -1.57659 66.784000000
2.64495 -1.75615 2.84917 -1.84417 3.07854 -1.69456 2.61756 -1.73516 -1.55686 66.827000000
2.64532 -1.7652 2.84954 -1.85322 3.08008 -1.70349 2.62154 -1.74891 -1.53009 66.884000000
2.6458 -1.77352 2.85002 -1.86154 3.08162 -1.71168 2.62442 -1.75891 -1.51286 66.931000000
2.64653 -1.7821 2.85076 -1.87013 3.08336 -1.72012 2.62849 -1.77027 -1.48512 66.981000000
2.64788 -1.79492 2.85212 -1.88295 3.08632 -1.73267 2.63235 -1.78065 -1.46523 67.027000000
2.64836 -1.79854 2.8526 -1.88657 3.08717 -1.73622 2.63644 -1.79092 -1.43739 67.077000000
2.65019 -1.81047 2.85444 -1.89851 3.0903 -1.74789 2.64108 -1.8023 -1.41826 67.130000000
2.65029 -1.8111 2.85454 -1.89914 3.09047 -1.74851 2.64384 -1.81037 -1.40206 67.177000000
2.65232 -1.82156 2.85658 -1.90961 3.09338 -1.75876 2.64884 -1.82268 -1.37887 67.227000000
2.65584 -1.83725 2.8601 -1.92529 3.09819 -1.7741 2.65421 -1.83725 -1.34966 67.280000000
2.6597 -1.8507 2.86385 -1.94085 3.10338 -1.78924 2.65871 -1.85047 -1.33489 67.330000000
2.66103 -1.85584 2.86518 -1.946 3.10514 -1.79426 2.663 -1.86249 -1.31741 67.376000000
2.66201 -1.85938 2.86617 -1.94954 3.10639 -1.79772 2.66553 -1.87288 -1.29719 67.430000000
2.66394 -1.86582 2.86811 -1.95598 3.10877 -1.80401 2.669 -1.8826 -1.27911 67.487000000
2.6671 -1.87453 2.87114 -1.9658 3.11262 -1.81353 2.67083 -1.88856 -1.27088 67.531000000
2.66801 -1.87738 2.87206 -1.96864 3.11376 -1.8163 2.67265 -1.89386 -1.25851 67.580000000
2.67104 -1.88504 2.87529 -1.97827 3.11783 -1.82561 2.6756 -1.90046 -1.2471 67.631000000
2.67327 -1.89147 2.87753 -1.9847 3.12064 -1.83181 2.67809 -1.90667 -1.23635 67.679000000
2.67432 -1.89203 2.87795 -1.98592 3.12117 -1.83298 2.67813 -1.90847 -1.2305 67.733000000
2.67562 -1.8956 2.87927 -1.98949 3.1228 -1.83642 2.67994 -1.91051 -1.21824 67.786000000
2.67814 -1.90121 2.88132 -1.99493 3.12538 -1.84163 2.68125 -1.91248 -1.2108 67.833000000
2.67851 -1.90216 2.88169 -1.99589 3.12584 -1.84255 2.68272 -1.91444 -1.20167 67.875000000
2.68129 -1.90668 2.88387 -2.00127 3.12851 -1.8477 2.68643 -1.91904 -1.18543 67.934000000
2.68282 -1.91036 2.8854 -2.00495 3.13038 -1.85122 2.68837 -1.92276 -1.17614 67.980000000
2.68506 -1.91316 2.88696 -2.00853 3.13224 -1.85466 2.69189 -1.92834 -1.16078 68.031000000
2.68629 -1.91594 2.88819 -2.01131 3.13371 -1.85733 2.6941 -1.93262 -1.15328 68.082000000
2.69117 -1.92401 2.89238 -2.02038 3.13869 -1.86598 2.69809 -1.93961 -1.13798 68.138000000
2.69464 -1.93126 2.89586 -2.02763 3.14282 -1.87288 2.70252 -1.94888 -1.124 68.184000000
2.69632 -1.93283 2.89692 -2.02975 3.14405 -1.87491 2.70472 -1.95845 -1.10775 68.241000000
2.69789 -1.93588 2.89849 -2.0328 3.14586 -1.87782 2.70702 -1.96515 -1.09474 68.285000000
2.69744 -1.93371 2.89731 -2.03054 3.14452 -1.87565 2.70822 -1.96838 -1.08879 68.329000000
2.69901 -1.93668 2.89889 -2.03352 3.14631 -1.87851 2.71062 -1.97219 -1.08292 68.385000000
2.70317 -1.94423 2.90267 -2.04044 3.15059 -1.88512 2.71432 -1.97893 -1.07081 68.427000000
2.70914 -1.95455 2.90864 -2.05077 3.15732 -1.89498 2.72008 -1.9913 -1.0464 68.483000000
2.71562 -1.96478 2.91476 -2.06103 3.16428 -1.90469 2.72476 -2.00277 -1.03362 68.536000000
2.71966 -1.97125 2.9188 -2.06751 3.16882 -1.91083 2.72976 -2.01364 -1.01181 68.587000000
2.72354 -1.97726 2.92269 -2.07352 3.17316 -1.91652 2.7336 -2.02251 -0.997313 68.633000000
2.72752 -1.98324 2.92668 -2.0795 3.17762 -1.92217 2.73817 -2.03115 -0.983118 68.677000000
2.7316 -1.98918 2.93076 -2.08545 3.18217 -1.92776 2.74338 -2.04144 -0.969055 68.727000000
2.73531 -1.99438 2.93448 -2.09065 3.18629 -1.93265 2.74758 -2.05233 -0.949444 68.785000000
2.73931 -1.99977 2.93805 -2.09551 3.19024 -1.93721 2.75122 -2.05976 -0.938166 68.832000000
2.74324 -2.00493 2.94198 -2.10067 3.19455 -1.94205 2.75661 -2.0681 -0.920054 68.881000000
2.74989 -2.01227 2.94798 -2.10837 3.20119 -1.94921 2.7619 -2.07704 -0.907981 68.934000000
