0.000635117 -0.00118633 0.241736 -0.00633806 0 0 3 0.0052379 -0.00184533 0.25 25.243000000
0.000672266 -0.00116798 0.241733 0.0218679 0 0 3 0.00525257 -0.00184575 0.25 25.361000000
0.000693187 -0.00116003 0.241745 0.0297691 0 0 3 0.00526592 -0.00184611 0.25 25.463000000
0.000623778 -0.0011615 0.241667 -0.0201333 0 0 3 0.00532919 -0.0018521 0.25 25.566000000
0.000665694 -0.00115145 0.24143 -0.0105241 0 0 3 0.00534338 -0.00185238 0.25 25.666000000
0.000703916 -0.00112999 0.241389 0.0197032 0 0 3 0.0053572 -0.00185271 0.249998 25.761000000
0.000675663 -0.00115721 0.241335 -0.014539 0 0 3 0.00536922 -0.00185308 0.25 25.865000000
0.000694081 -0.00118178 0.241487 0.00474082 0 0 3 0.00538421 -0.0018534 0.249998 25.964000000
0.000682995 -0.0011461 0.241369 -0.000628624 0 0 3 0.00542782 -0.00185638 0.249993 26.064000000
0.000692517 -0.00114227 0.241363 0.00991859 0 0 3 0.00546021 -0.00185971 0.249998 26.164000000
0.000697225 -0.00116849 0.241158 -0.00851979 0 0 3 0.00547069 -0.00186007 0.25 26.258000000
0.000715986 -0.00115954 0.24114 0.00185302 0 0 3 0.00548596 -0.00186042 0.25 26.373000000
0.000753433 -0.00114135 0.241077 0.0324869 0 0 3 0.00549861 -0.00186075 0.25 26.465000000
0.000769094 -0.00114309 0.241061 0.0299695 0 0 3 0.00551177 -0.00186104 0.25 26.561000000
0.000754595 -0.00114871 0.241107 0.0103384 0 0 3 0.0055737 -0.00186703 0.25 26.663000000
0.000763565 -0.0011496 0.241057 0.0160324 0 0 3 0.00558734 -0.00186738 0.25 26.763000000
0.000716209 -0.00118364 0.240985 -0.0241606 0 0 3 0.00560095 -0.00186773 0.25 26.866000000
0.000758126 -0.00116039 0.240984 0.00832571 0 0 3 0.00561365 -0.00186808 0.25 26.962000000
0.000716597 -0.00118876 0.240978 -0.0329128 0 0 3 0.00562726 -0.0018684 0.25 27.064000000
0.000888199 -0.00115311 0.242286 -0.0170963 0 0 3 0.00564061 -0.00186877 0.25 27.166000000
0.000953302 -0.00114896 0.242873 -0.0245216 0 0 3 0.00570459 -0.00187468 0.249998 27.264000000
0.00131713 -0.00105967 0.245222 0.0220389 0 0 3 0.00699854 -0.00187386 0.25 27.366000000
0.00327097 -0.000978686 0.252483 -0.0231642 0 0 3 0.0108108 -0.00187068 0.25 27.468000000
0.00597882 -0.001052 0.250553 -0.0061088 0 0 3 0.0164215 -0.00186579 0.25 27.565000000
0.0118315 -0.00116053 0.244224 -0.0250363 0 0 3 0.0241084 -0.00185927 0.25 27.662000000
0.0224502 -0.00103813 0.255983 -0.0264983 0 0 3 0.0338067 -0.00184943 0.249996 27.759000000
0.0284896 0.00076915 0.256415 0.0356458 0 0 3 0.0451942 -0.00184144 0.25 27.865000000
0.0409784 -0.00144747 0.246864 -0.0188567 0 0 3 0.0556246 -0.00183328 0.249998 27.963000000
0.0480823 -0.000718079 0.247446 0.00171285 0 0 3 0.0662635 -0.00182505 0.25 28.064000000
0.062581 0.000771931 0.243976 0.0244823 0 0 3 0.0769052 -0.00181679 0.25 28.163000000
0.074435 -0.00015532 0.23992 0.00866916 0 0 3 0.0875475 -0.00180856 0.249998 28.263000000
0.0815334 -0.00196095 0.240019 -0.0134364 0 0 3 0.0986126 -0.00180006 0.25 28.366000000
0.0932741 0.000137569 0.244114 0.010403 0 0 3 0.108091 -0.00178326 0.25 28.456000000
0.100706 -0.00049881 0.241643 0.00249211 0 0 3 0.119583 -0.0017747 0.25 28.564000000
0.115373 -0.000851891 0.238754 0.000346286 0 0 3 0.129904 -0.00176689 0.25 28.661000000
0.128069 0.00360526 0.246868 0.0337979 0 0 3 0.140331 -0.001759 0.25 28.759000000
0.134405 -0.00298473 0.232423 -0.0136955 0 0 3 0.151504 -0.00175054 0.25 28.864000000
0.147631 0.00195168 0.247273 0.0197314 0 0 3 0.161719 -0.00174286 0.25 28.960000000
0.160138 -0.000484353 0.231592 0.00265269 0 0 3 0.172788 -0.00173379 0.25 29.065000000
0.166883 0.00256652 0.23602 0.0196265 0 0 3 0.183323 -0.00172591 0.249998 29.161000000
0.178443 -0.00203194 0.240608 -0.00618535 0 0 3 0.194493 -0.00171762 0.25 29.269000000
0.192207 0.00457956 0.242753 0.0281121 0 0 3 0.204708 -0.00171004 0.25 29.365000000
0.205156 -0.00407336 0.229079 -0.0143517 0 0 3 0.216094 -0.00170162 0.25 29.471000000
0.212416 -0.00303926 0.231047 -0.00952718 0 0 3 0.22546 -0.00169471 0.249998 29.559000000
0.220173 0.00365834 0.228138 0.0222543 0 0 3 0.237266 -0.00168592 0.25 29.669000000
0.233037 0.00575118 0.24262 0.0300233 0 0 3 0.247371 -0.00167835 0.249999 29.765000000
0.245713 -0.00884091 0.229869 -0.0292683 0 0 3 0.258221 -0.00167023 0.249999 29.867000000
0.252482 0.00656993 0.231558 0.0321361 0 0 3 0.268751 -0.00166236 0.25 29.966000000
0.259726 -0.000713388 0.238091 0.00258061 0 0 3 0.278324 -0.00165522 0.25 30.056000000
0.278443 -0.00890943 0.230023 -0.0281342 0 0 3 0.290025 -0.0016465 0.25 30.167000000
0.284754 -0.0069429 0.231003 -0.0207243 0 0 3 0.30045 -0.00163874 0.25 30.264000000
0.297738 0.00221007 0.227997 0.0121574 0 0 3 0.310769 -0.00163108 0.249999 30.361000000
0.308627 0.00768668 0.226485 0.028004 0 0 3 0.322151 -0.00162265 0.25 30.468000000
0.319271 -0.00443946 0.235701 -0.00978415 0 0 3 0.332687 -0.00161652 0.249999 30.566000000
0.327797 -0.0108989 0.223383 -0.0296629 0 0 3 0.343113 -0.00160876 0.249999 30.666000000
0.340854 -0.0122266 0.225693 -0.0327465 0 0 3 0.353644 -0.00160096 0.25 30.763000000
0.353802 -0.00181583 0.224022 -0.00219222 0 0 3 0.364176 -0.00159318 0.249999 30.863000000
0.359739 -0.0119112 0.228264 -0.0297404 0 0 3 0.374602 -0.00158605 0.25 30.961000000
0.372986 -0.00793032 0.22077 -0.0175118 0 0 3 0.385773 -0.00157782 0.249999 31.066000000
0.378353 0.0114149 0.231697 0.0336169 0 0 3 0.396093 -0.00157078 0.249999 31.163000000
0.393225 0.00994519 0.213527 0.0288383 0 0 3 0.406945 -0.00156378 0.25 31.265000000
0.408684 0.00890863 0.210833 0.0252583 0 0 3 0.417478 -0.00155562 0.249999 31.365000000
0.414321 -0.00842933 0.218841 -0.0155296 0 0 3 0.42833 -0.00154822 0.25 31.466000000
0.426901 -0.000510659 0.223064 0.00353479 0 0 3 0.438757 -0.00154153 0.249999 31.564000000
0.439029 -0.005194 0.224341 -0.00795263 0 0 3 0.449502 -0.00153325 0.25 31.665000000
0.449203 0.00644712 0.209376 0.018929 0 0 3 0.45993 -0.00152621 0.249999 31.763000000
0.461831 -0.00114104 0.204848 0.00163575 0 0 3 0.470782 -0.00151889 0.25 31.865000000
0.4739 0.00379464 0.212251 0.0124687 0 0 3 0.481634 -0.00151091 0.25 31.967000000
0.48315 -0.00105702 0.196127 0.00297278 0 0 3 0.491958 -0.00150459 0.25 32.064000000
0.49151 -0.017344 0.219348 -0.0313998 0 0 3 0.50303 -0.00149642 0.249998 32.168000000
0.502878 -0.0038991 0.215563 -0.00359079 0 0 3 0.513566 -0.00148868 0.25 32.267000000
0.51639 0.0139573 0.209987 0.0309088 0 0 3 0.523997 -0.00148103 0.25 32.363000000
0.526686 0.0142647 0.198358 0.0308268 0 0 3 0.534963 -0.00147129 0.249999 32.467000000
0.535586 0.00677626 0.217505 0.0161753 0 0 3 0.544857 -0.00146405 0.25 32.561000000
0.552673 -0.00992962 0.198524 -0.0143106 0 0 3 0.556348 -0.00145569 0.25 32.667000000
0.555606 0.0078011 0.211624 0.0173999 0 0 3 0.566348 -0.00144847 0.25 32.764000000
0.570781 0.00426344 0.211611 0.0105176 0 0 3 0.5772 -0.00144068 0.25 32.866000000
0.581636 -0.00775904 0.195155 -0.00944589 0 0 3 0.587625 -0.00143324 0.25 32.963000000
0.590723 0.00645511 0.209645 0.0138393 0 0 3 0.598727 -0.00142606 0.25 33.067000000
0.603983 -0.016467 0.209433 -0.022597 0 0 3 0.609266 -0.00141871 0.249998 33.166000000
0.616484 -0.00504256 0.210754 -0.00346091 0 0 3 0.620227 -0.00141109 0.25 33.269000000
0.624859 0.0143828 0.207635 0.0272535 0 0 3 0.630338 -0.00140409 0.249998 33.365000000
0.63756 0.0125068 0.208356 0.0236934 0 0 3 0.641196 -0.00139504 0.249999 33.464000000
0.64436 -0.00939648 0.207544 -0.0111369 0 0 3 0.651726 -0.00138767 0.25 33.564000000
0.653838 -0.0142003 0.214167 -0.0182146 0 0 3 0.662258 -0.0013804 0.249999 33.664000000
0.67139 0.016437 0.203744 0.0281684 0 0 3 0.672894 -0.0013731 0.249999 33.764000000
0.6752 -0.00893979 0.215449 -0.00974225 0 0 3 0.683424 -0.00136589 0.25 33.863000000
0.693227 0.00717293 0.197994 0.0137352 0 0 3 0.695444 -0.0013577 0.249999 33.976000000
0.701421 0.0200588 0.214771 0.0325693 0 0 3 0.705123 -0.00135111 0.25 34.067000000
0.713425 0.00262848 0.195804 0.00688769 0 0 3 0.715545 -0.00134689 0.249999 34.165000000
0.72071 0.00572743 0.214155 0.0116847 0 0 3 0.726189 -0.00133751 0.25 34.264000000
0.734208 0.0157286 0.213399 0.0257413 0 0 3 0.736829 -0.00133037 0.25 34.365000000
0.738398 -0.0057301 0.219732 -0.00352062 0 0 3 0.74747 -0.00132324 0.25 34.464000000
0.752108 0.0195981 0.220211 0.0302958 0 0 3 0.75758 -0.00131648 0.25 34.560000000
0.762888 -0.00807726 0.224106 -0.0063952 0 0 3 0.768327 -0.0013093 0.25 34.661000000
0.770964 0.0144296 0.222359 0.022668 0 0 3 0.779393 -0.00130197 0.25 34.765000000
0.784828 0.00734069 0.21893 0.0135515 0 0 3 0.789609 -0.00129543 0.25 34.862000000
0.798467 0.0200784 0.215529 0.0293773 0 0 3 0.800572 -0.00128876 0.25 34.963000000
0.805465 -0.00402562 0.215229 -0.000538523 0 0 3 0.812063 -0.00128125 0.25 35.072000000
0.819088 -0.0190827 0.211427 -0.0191575 0 0 3 0.82164 -0.00127501 0.25 35.162000000
0.832051 0.0236324 0.213602 0.0321133 0 0 3 0.8326 -0.0012679 0.25 35.264000000
0.836236 0.0219058 0.216735 0.0300082 0 0 3 0.842498 -0.00126148 0.249998 35.358000000
0.854671 -0.0237189 0.204078 -0.0239219 0 0 3 0.853772 -0.00125406 0.249999 35.464000000
0.851995 0.021984 0.248827 0.0272781 0 0 3 0.864834 -0.00124678 0.249999 35.566000000
0.859205 0.00775212 0.243627 0.010523 0 0 3 0.875577 -0.00123972 0.25 35.668000000
0.873306 -0.00484257 0.238804 -0.00407792 0 0 3 0.885895 -0.00123295 0.249999 35.766000000
0.881244 0.00673235 0.241478 0.00902108 0 0 3 0.896 -0.00122634 0.25 35.860000000
0.892375 -0.0142819 0.245379 -0.0146145 0 0 3 0.906957 -0.00121918 0.249999 35.964000000
0.903588 0.0174523 0.244587 0.0206359 0 0 3 0.917594 -0.00121225 0.249999 36.064000000
0.912822 -0.0127462 0.260519 -0.0127741 0 0 3 0.928449 -0.0012069 0.249998 36.166000000
0.922149 -0.00412279 0.252552 -0.00302558 0 0 3 0.938979 -0.00119995 0.25 36.263000000
0.932431 -0.0181422 0.259173 -0.0184505 0 0 3 0.949937 -0.00119279 0.249999 36.368000000
0.940601 -0.0208785 0.254726 -0.0211447 0 0 3 0.960149 -0.00118615 0.249999 36.464000000
0.954875 -0.0152301 0.250737 -0.0149534 0 0 3 0.970787 -0.00117926 0.249999 36.565000000
0.965436 0.00266085 0.253078 0.00461534 0 0 3 0.982392 -0.00117016 0.249999 36.673000000
0.971019 -0.00563856 0.2696 -0.00515565 0 0 3 0.992181 -0.00116373 0.249999 36.765000000
0.975361 -0.0225065 0.276598 -0.0223931 0 0 3 1.00271 -0.00115681 0.25 36.864000000
0.98147 0.0275973 0.276249 0.0290719 0 0 3 1.01314 -0.00114998 0.25 36.962000000
0.99799 -0.0296162 0.267973 -0.0270335 0 0 3 1.02367 -0.00114311 0.249999 37.061000000
1.00678 -0.0289984 0.262457 -0.0254359 0 0 3 1.03516 -0.00113566 0.249999 37.169000000
1.02063 -0.0027928 0.261464 0.000349703 0 0 3 1.04495 -0.00112935 0.249999 37.261000000
1.00082 0.016004 0.345143 0.0188507 0 0 3 1.05569 -0.00112216 0.25 37.362000000
1.0061 0.0317196 0.345419 0.0345166 0 0 3 1.06665 -0.00111378 0.249999 37.466000000
1.01295 0.0283339 0.345676 0.0310418 0 0 3 1.07708 -0.00110703 0.249999 37.563000000
1.03254 0.0144115 0.342095 0.0135569 0 0 3 1.08717 -0.00109871 0.25 37.659000000
1.08459 -0.0106757 0.241875 -0.00747466 0 0 3 1.09792 -0.00109171 0.249999 37.759000000
1.08606 0.00624777 0.204795 -0.00848031 1.75 0 3 1.11973 -0.00107553 0.25 37.963000000
1.1031 0.0090049 0.215589 -0.0136754 1.75 0 3 1.13025 -0.00106711 0.249999 38.063000000
1.11496 0.0113737 0.213366 -0.0179949 1.75 0 3 1.14132 -0.00105938 0.249999 38.167000000
1.12336 -0.00427474 0.206905 0.00660164 1.75 0 3 1.15195 -0.00105059 0.249999 38.267000000
1.13226 0.0101882 0.212654 -0.0171321 1.75 0 3 1.16206 -0.0010437 0.249999 38.362000000
1.15632 0.0119238 0.255733 -0.0235415 1.75 0 3 1.17322 -0.00103454 0.249999 38.467000000
1.17035 -0.011733 0.257299 0.0169428 1.75 0 3 1.18342 -0.00102547 0.249999 38.564000000
1.17945 0.0122355 0.266922 -0.0253991 1.75 0 3 1.19353 -0.00101755 0.249999 38.658000000
1.18827 -0.0143505 0.255736 0.0212565 1.75 0 3 1.20469 -0.00100704 0.249999 38.764000000
1.19989 0.0102684 0.249219 -0.0226819 1.75 0 3 1.21585 -0.000998229 0.25 38.868000000
1.21363 -0.0116709 0.25154 0.0178933 1.75 0 3 1.22564 -0.000989824 0.249999 38.960000000
1.21965 0.0133371 0.250602 -0.0289058 1.75 0 3 1.2368 -0.000980029 0.249999 39.065000000
1.23485 -0.0188503 0.257238 0.032219 1.75 0 3 1.24701 -0.000972309 0.249999 39.161000000
1.24954 0.0128177 0.26481 -0.0304421 1.75 0 3 1.25787 -0.000963585 0.25 39.263000000
1.25757 -0.00336353 0.268978 0.00230008 1.75 0 3 1.26883 -0.000955191 0.25 39.366000000
1.27358 0.00768902 0.272873 -0.0218117 1.75 0 3 1.27947 -0.000947103 0.25 39.465000000
1.27986 0.00534782 0.27178 -0.0173562 1.75 0 3 1.28979 -0.000939297 0.25 39.563000000
1.29595 -0.012713 0.284359 0.0215788 1.75 0 3 1.30065 -0.000931088 0.25 39.665000000
1.30216 -0.0106246 0.276337 0.0170287 1.75 0 3 1.31129 -0.000923043 0.25 39.764000000
1.31615 -0.00795006 0.28169 0.0117185 1.75 0 3 1.32183 -0.000914459 0.249998 39.864000000
1.32385 -0.017287 0.284926 0.0334172 1.75 0 3 1.33268 -0.000906296 0.249998 39.966000000
1.3388 -0.00768987 0.287067 0.0105199 1.75 0 3 1.3429 -0.000898637 0.249998 40.062000000
1.34801 -0.0108861 0.291377 0.0189145 1.75 0 3 1.35396 -0.00089038 0.25 40.167000000
1.36015 0.00742814 0.289465 -0.0276013 1.75 0 3 1.36492 -0.000882218 0.25 40.268000000
1.37248 0.00596698 0.290244 -0.0247119 1.75 0 3 1.37567 -0.000874236 0.25 40.370000000
1.3802 -0.00437589 0.29439 0.00218541 1.75 0 3 1.38556 -0.000866903 0.25 40.464000000
1.39236 0.00678447 0.291843 -0.0286727 1.75 0 3 1.396 -0.000858186 0.25 40.562000000
1.40337 0.00666359 0.289315 -0.0292563 1.75 0 3 1.40695 -0.000850158 0.25 40.664000000
1.40958 0.0034523 0.289669 -0.0198514 1.75 0 3 1.4177 -0.000842271 0.25 40.765000000
1.40949 -0.00271552 0.268251 -0.00192808 1.75 0 3 1.42792 -0.000834819 0.25 40.861000000
1.40611 -0.0147384 0.2534 0.023081 1.75 0 3 1.43877 -0.000826927 0.25 40.964000000
1.41409 -0.00826743 0.257138 0.00587943 1.75 0 3 1.45016 -0.000818679 0.249998 41.070000000
1.42705 -0.0124552 0.256203 0.0186012 1.75 0 3 1.46005 -0.000811552 0.25 41.163000000
1.43056 -0.00102207 0.163931 -0.0305248 1.75 0 3 1.47069 -0.000803873 0.25 41.263000000
1.47668 0.00126332 0.28258 -0.0231366 1.75 0 3 1.48091 -0.000797003 0.25 41.359000000
1.48421 -0.0147037 0.285824 0.0356488 1.75 0 3 1.49186 -0.00078908 0.249999 41.461000000
1.49068 8.00195e-05 0.285963 -0.0199004 1.75 0 3 1.50335 -0.000780796 0.249999 41.570000000
1.50364 -0.0115738 0.27637 0.0279641 1.75 0 3 1.51377 -0.000773291 0.249999 41.668000000
1.5161 0.00132259 0.280703 -0.0254086 1.75 0 3 1.5242 -0.000765799 0.249999 41.765000000
1.52191 -0.012485 0.274923 0.0354903 1.75 0 3 1.5342 -0.000758622 0.249999 41.861000000
1.53326 0.00211659 0.268095 -0.0303967 1.75 0 3 1.54515 -0.000750773 0.25 41.963000000
1.53892 -0.0101896 0.264857 0.0266033 1.75 0 3 1.55558 -0.000743312 0.25 42.061000000
1.55206 0.00203932 0.264886 -0.0291236 1.75 0 3 1.56654 -0.000735482 0.249999 42.164000000
1.56379 0.00256656 0.260773 -0.0338839 1.75 0 3 1.57717 -0.000727906 0.249999 42.264000000
1.57728 -0.00886611 0.265319 0.0302666 1.75 0 3 1.5877 -0.000720432 0.25 42.364000000
1.58159 -0.00459154 0.252295 0.00728911 1.75 0 3 1.59898 -0.000714347 0.25 42.469000000
1.59481 0.000249677 0.251546 -0.0215813 1.75 0 3 1.60877 -0.000707353 0.25 42.561000000
1.60613 -0.00030735 0.24434 -0.0227864 1.75 0 3 1.61888 -0.000700182 0.249999 42.656000000
1.61388 -0.00205012 0.252743 -0.00683173 1.75 0 3 1.63154 -0.000691293 0.25 42.766000000
1.62696 -0.00672923 0.253769 0.0295649 1.75 0 3 1.6409 -0.000685173 0.249999 42.863000000
1.63922 -0.00561867 0.25732 0.0230487 1.75 0 3 1.65175 -0.000678488 0.25 42.964000000
1.65242 -0.00255098 0.254063 -0.00910761 1.75 0 3 1.66218 -0.00067072 0.25 43.063000000
1.65781 -0.00398519 0.252137 0.00439403 1.75 0 3 1.67356 -0.000663266 0.25 43.169000000
1.67177 -0.00376152 0.259582 0.00627391 1.75 0 3 1.68303 -0.000656598 0.249999 43.259000000
1.67693 -0.00328572 0.254317 -0.0025814 1.75 0 3 1.6941 -0.000649375 0.25 43.363000000
1.69205 -0.00468275 0.267272 0.0138122 1.75 0 3 1.70495 -0.000642333 0.249999 43.464000000
1.70247 -0.00265236 0.257945 -0.027222 1.75 0 3 1.71559 -0.000635665 0.25 43.565000000
1.70873 -0.00418766 0.269507 0.00287967 1.75 0 3 1.72665 -0.000627672 0.25 43.669000000
1.72425 -0.00476608 0.281595 0.0186923 1.75 0 3 1.73655 -0.000621351 0.25 43.762000000
1.73682 -0.00394548 0.282288 -0.0129261 1.75 0 3 1.7473 -0.000615123 0.25 43.861000000
1.74112 -0.0045354 0.28548 0.0350992 1.75 0 3 1.75826 -0.000607348 0.25 43.966000000
1.75314 -0.0041104 0.2854 0.00610693 1.75 0 3 1.76869 -0.000599965 0.25 44.064000000
1.76652 -0.00397807 0.287816 0.0270941 1.75 0 3 1.77912 -0.000592592 0.25 44.163000000
1.77935 -0.00453171 0.29989 0.018021 1.75 0 3 1.78998 -0.000583348 0.25 44.264000000
1.78492 -0.0046788 0.285176 0.00971956 1.75 0 3 1.80073 -0.000575747 0.249999 44.365000000
1.79786 -0.00669086 0.282999 -0.0317148 1.75 0 3 1.81126 -0.000568379 0.25 44.464000000
1.8102 -0.00406258 0.285407 0.0180175 1.75 0 3 1.82148 -0.000561287 0.25 44.560000000
1.81678 -0.0036925 0.286417 0.0239805 1.75 0 3 1.83201 -0.000554027 0.249999 44.659000000
1.82895 -0.00289331 0.297253 0.0304112 1.75 0 3 1.84456 -0.000545424 0.249999 44.776000000
1.83556 -0.00309585 0.291611 0.0267715 1.75 0 3 1.85382 -0.000539108 0.25 44.864000000
1.84888 -0.00335486 0.295382 0.0206342 1.75 0 3 1.8645 -0.0010566 0.250001 44.965000000
1.86147 -0.00352313 0.302455 0.0198637 1.75 0 3 1.87437 -0.00281751 0.249999 45.064000000
1.86803 -0.00633824 0.266251 -0.0121323 1.75 0 3 1.88454 -0.00521376 0.250003 45.163000000
1.87396 -0.00818125 0.264962 -0.0208664 1.75 0 3 1.89132 -0.00866201 0.250002 45.262000000
1.88786 -0.0115572 0.260429 -0.0446927 1.75 0 3 1.89955 -0.0132808 0.250004 45.364000000
1.8956 -0.018894 0.261017 -0.0943283 1.75 0 3 1.90581 -0.0178691 0.250002 45.465000000
1.89832 -0.0249336 0.264883 -0.134175 1.75 0 3 1.91451 -0.0224932 0.250004 45.565000000
1.90779 -0.0328334 0.271565 -0.180822 1.75 0 3 1.91935 -0.0269063 0.25 45.666000000
1.91563 -0.0300255 0.271742 -0.156957 1.75 0 3 1.92381 -0.0302526 0.250004 45.765000000
1.91784 -0.0313607 0.268879 -0.169005 1.75 0 3 1.92871 -0.0339682 0.250002 45.861000000
1.92227 -0.0444045 0.261451 -0.245536 1.75 0 3 1.93357 -0.0375056 0.250002 45.966000000
1.92918 -0.0410685 0.26656 -0.226724 1.75 0 3 1.93838 -0.04103 0.250001 46.055000000
1.92957 -0.0505777 0.26193 -0.282067 1.75 0 3 1.94276 -0.0447372 0.249997 46.163000000
1.93701 -0.0494663 0.257629 -0.275097 1.75 0 3 1.94679 -0.0488239 0.250002 46.264000000
1.9415 -0.0570595 0.260442 -0.31871 1.75 0 3 1.95051 -0.0511087 0.250003 46.362000000
1.94486 -0.0540043 0.265652 -0.302806 1.75 0 3 1.95463 -0.0544534 0.250004 46.468000000
1.94756 -0.0624363 0.264748 -0.346741 1.75 0 3 1.95837 -0.0573777 0.250003 46.560000000
1.95275 -0.0654359 0.263423 -0.364758 1.75 0 3 1.96171 -0.0602448 0.250001 46.665000000
1.95412 -0.0692676 0.258342 -0.384339 1.75 0 3 1.96439 -0.0624709 0.250003 46.766000000
1.95605 -0.0740618 0.259003 -0.412106 1.75 0 3 1.96776 -0.0655542 0.250002 46.863000000
1.96399 -0.0693827 0.257608 -0.392275 1.75 0 3 1.97248 -0.0681319 0.250002 46.963000000
1.96429 -0.0778488 0.251526 -0.434452 1.75 0 3 1.97654 -0.0703075 0.250001 47.062000000
1.97099 -0.0747418 0.260192 -0.423927 1.75 0 3 1.9824 -0.0738304 0.250003 47.164000000
1.97694 -0.0791837 0.259751 -0.448979 1.75 0 3 1.98735 -0.0763618 0.250002 47.264000000
1.9831 -0.0742794 0.250474 -0.43012 1.75 0 3 1.99287 -0.0796249 0.250003 47.366000000
1.98587 -0.0895869 0.248973 -0.501024 1.75 0 3 1.99946 -0.0831668 0.250001 47.466000000
1.99077 -0.0883513 0.264286 -0.500198 1.75 0 3 2.00509 -0.0863126 0.250001 47.564000000
1.99893 -0.0882846 0.256788 -0.505269 1.75 0 3 2.01063 -0.0903975 0.249998 47.668000000
2.00112 -0.102931 0.256866 -0.569357 1.75 0 3 2.01716 -0.0934999 0.250001 47.767000000
2.01139 -0.101644 0.252135 -0.569697 1.75 0 3 2.02717 -0.100862 0.250001 47.866000000
2.01731 -0.106735 0.253391 -0.589785 1.75 0 3 2.03462 -0.105717 0.250001 47.962000000
2.02833 -0.103965 0.263055 -0.586482 1.75 0 3 2.04152 -0.11059 0.250001 48.066000000
2.03454 -0.12029 0.262052 -0.651643 1.75 0 3 2.05216 -0.119158 0.249997 48.170000000
2.0388 -0.131503 0.254488 -0.691198 1.75 0 3 2.06101 -0.126986 0.25 48.264000000
2.05626 -0.128203 0.248019 -0.684926 1.75 0 3 2.07046 -0.135065 0.25 48.364000000
2.0632 -0.14482 0.256523 -0.743297 1.75 0 3 2.07991 -0.143282 0.249998 48.464000000
2.06247 -0.163653 0.253686 -0.803753 1.75 0 3 2.08824 -0.151478 0.250002 48.563000000
2.07548 -0.163781 0.269948 -0.808047 1.75 0 3 2.09652 -0.158833 0.249997 48.662000000
2.09069 -0.16606 0.25166 -0.821469 1.75 0 3 2.10394 -0.168082 0.249996 48.762000000
2.09541 -0.170123 0.254106 -0.835992 1.75 0 3 2.11019 -0.175892 0.249997 48.864000000
2.0972 -0.192831 0.245347 -0.908656 1.75 0 3 2.11624 -0.184117 0.250002 48.964000000
2.10578 -0.190785 0.242066 -0.906532 1.75 0 3 2.12184 -0.192966 0.249997 49.060000000
2.10883 -0.202562 0.264064 -0.950022 1.75 0 3 2.12723 -0.201331 0.249998 49.164000000
2.11617 -0.211933 0.264625 -0.985574 1.75 0 3 2.13211 -0.210005 0.249996 49.267000000
2.12118 -0.225767 0.254279 -1.03034 1.75 0 3 2.1357 -0.218589 0.249995 49.364000000
2.12624 -0.224916 0.254108 -1.03393 1.75 0 3 2.13878 -0.227489 0.25 49.463000000
2.11881 -0.245335 0.283296 -1.10146 1.75 0 3 2.14215 -0.237174 0.25 49.577000000
2.1297 -0.242324 0.264503 -1.0952 1.75 0 3 2.14402 -0.243737 0.25 49.662000000
2.12116 -0.268869 0.257825 -1.17683 1.75 0 3 2.14508 -0.253226 0.249998 49.763000000
2.13351 -0.264625 0.256987 -1.17751 1.75 0 3 2.14546 -0.262492 0.25 49.861000000
2.13832 -0.268764 0.259102 -1.19942 1.75 0 3 2.14523 -0.272091 0.249998 49.966000000
2.13468 -0.28024 0.257066 -1.23593 1.75 0 3 2.14442 -0.280941 0.250001 50.063000000
2.13843 -0.285982 0.255904 -1.26619 1.75 0 3 2.14312 -0.290338 0.25 50.159000000
2.12313 -0.306607 0.267886 -1.32878 1.75 0 3 2.14097 -0.301946 0.250002 50.267000000
2.12265 -0.31853 0.262184 -1.36779 1.75 0 3 2.13921 -0.313335 0.250002 50.362000000
2.12681 -0.320607 0.253339 -1.37235 1.75 0 3 2.13696 -0.32429 0.250002 50.461000000
2.13048 -0.328974 0.258211 -1.39962 1.75 0 3 2.13541 -0.338635 0.250001 50.562000000
2.12759 -0.338487 0.261208 -1.41944 1.75 0 3 2.13333 -0.353014 0.250001 50.664000000
2.11764 -0.36632 0.25311 -1.47777 1.75 0 3 2.13036 -0.363598 0.25 50.763000000
2.12792 -0.362516 0.257665 -1.47311 1.75 0 3 2.12773 -0.372693 0.250002 50.863000000
2.11093 -0.38255 0.26075 -1.52604 1.75 0 3 2.1264 -0.381349 0.250001 50.961000000
2.13179 -0.370266 0.262408 -1.4836 1.75 0 3 2.12597 -0.391726 0.25 51.061000000
2.12885 -0.387114 0.257146 -1.50103 1.75 0 3 2.12647 -0.402575 0.25 51.163000000
2.12729 -0.393522 0.261896 -1.50323 1.75 0 3 2.12709 -0.413519 0.25 51.266000000
2.11671 -0.417271 0.261848 -1.53086 1.75 0 3 2.12769 -0.424038 0.25 51.365000000
2.12562 -0.421932 0.262596 -1.51164 1.75 0 3 2.12829 -0.43445 0.25 51.464000000
2.11305 -0.440716 0.259025 -1.54269 1.75 0 3 2.12889 -0.44497 0.25 51.562000000
2.11949 -0.448914 0.254839 -1.53061 1.75 0 3 2.1295 -0.455808 0.25 51.664000000
2.13702 -0.444147 0.266059 -1.48754 1.75 0 3 2.13011 -0.46643 0.25 51.764000000
2.13228 -0.456135 0.262538 -1.50089 1.75 0 3 2.13072 -0.477157 0.25 51.864000000
2.11297 -0.483865 0.264234 -1.54224 1.75 0 3 2.13134 -0.488096 0.249999 51.968000000
2.11464 -0.494314 0.26215 -1.54102 1.75 0 3 2.13192 -0.498186 0.249999 52.063000000
2.12332 -0.496399 0.262671 -1.52354 1.75 0 3 2.13252 -0.5087 0.249999 52.163000000
2.13437 -0.505256 0.250268 -1.50852 1.75 0 3 2.13314 -0.519637 0.25 52.265000000
2.13456 -0.516659 0.257143 -1.50736 1.75 0 3 2.1337 -0.529514 0.25 52.358000000
2.13562 -0.519144 0.266441 -1.50224 1.75 0 3 2.13435 -0.540878 0.249999 52.464000000
2.12241 -0.541245 0.266417 -1.52861 1.75 0 3 2.13494 -0.55118 0.249999 52.563000000
2.13895 -0.533287 0.275852 -1.49461 1.75 0 3 2.13556 -0.562117 0.25 52.666000000
2.12315 -0.562416 0.267781 -1.52864 1.75 0 3 2.13618 -0.572951 0.249999 52.767000000
2.12775 -0.570851 0.25349 -1.52576 1.75 0 3 2.13677 -0.583358 0.249999 52.863000000
2.12112 -0.585512 0.260482 -1.53553 1.75 0 3 2.13738 -0.594084 0.249999 52.966000000
2.15559 -0.578242 0.25351 -1.48005 1.75 0 3 2.13798 -0.604704 0.249999 53.066000000
2.11518 -0.610753 0.253202 -1.54854 1.75 0 3 2.13858 -0.615241 0.25 53.165000000
2.15043 -0.60537 0.25654 -1.49103 1.75 0 3 2.13918 -0.625755 0.249999 53.264000000
2.12984 -0.625095 0.255909 -1.52566 1.75 0 3 2.13981 -0.636799 0.249999 53.366000000
2.12271 -0.639859 0.263361 -1.53567 1.75 0 3 2.1404 -0.6471 0.25 53.466000000
2.13562 -0.644816 0.258365 -1.51834 1.75 0 3 2.14101 -0.657826 0.249999 53.566000000
2.15804 -0.646438 0.251656 -1.48628 1.75 0 3 2.14095 -0.668436 0.249996 53.663000000
2.14933 -0.653354 0.265337 -1.50007 1.75 0 3 2.13956 -0.678424 0.250002 53.765000000
2.13325 -0.668808 0.2758 -1.53012 1.75 0 3 2.13712 -0.687792 0.250002 53.865000000
2.1351 -0.678421 0.277089 -1.54584 1.75 0 3 2.13577 -0.697833 0.249997 53.967000000
2.12127 -0.71433 0.194983 -1.59023 1.75 0 3 2.13541 -0.707427 0.249999 54.058000000
2.14366 -0.70063 0.254038 -1.55082 1.75 0 3 2.13549 -0.719021 0.25 54.168000000
2.12488 -0.713853 0.272015 -1.57191 1.75 0 3 2.13556 -0.729553 0.249999 54.266000000
2.14437 -0.718026 0.27313 -1.54466 1.75 0 3 2.13564 -0.740403 0.249999 54.368000000
2.15182 -0.717552 0.28171 -1.53288 1.75 0 3 2.13571 -0.750931 0.25 54.468000000
2.15477 -0.735941 0.260321 -1.53475 1.75 0 3 2.13579 -0.761565 0.249999 54.567000000
2.15035 -0.740931 0.271626 -1.53855 1.75 0 3 2.13586 -0.772521 0.25 54.670000000
2.13036 -0.793984 0.180735 -1.58453 1.75 0 3 2.13593 -0.782308 0.25 54.762000000
2.15172 -0.771007 0.24863 -1.54334 1.75 0 3 2.136 -0.79284 0.249999 54.860000000
2.14399 -0.804846 0.202546 -1.56049 1.75 0 3 2.13607 -0.803795 0.25 54.964000000
2.12436 -0.816179 0.233917 -1.578 1.75 0 3 2.13614 -0.813902 0.249999 55.058000000
2.15773 -0.804198 0.240372 -1.53559 1.75 0 3 2.13622 -0.824857 0.249999 55.162000000
2.15814 -0.814777 0.239636 -1.53527 1.75 0 3 2.13629 -0.83582 0.25 55.265000000
2.15591 -0.827118 0.242775 -1.53776 1.75 0 3 2.13636 -0.846245 0.25 55.363000000
2.13532 -0.846359 0.236455 -1.564 1.75 0 3 2.13643 -0.856351 0.249999 55.458000000
2.13782 -0.852431 0.24992 -1.55856 1.75 0 3 2.13651 -0.867945 0.25 55.567000000
2.11286 -0.877155 0.248349 -1.58742 1.75 0 3 2.13658 -0.878052 0.249999 55.662000000
2.12131 -0.883484 0.239675 -1.57966 1.75 0 3 2.13666 -0.888902 0.25 55.765000000
2.15618 -0.877784 0.247749 -1.53843 1.75 0 3 2.13673 -0.899434 0.25 55.863000000
2.13278 -0.895082 0.250496 -1.56441 1.75 0 3 2.13681 -0.910179 0.249999 55.963000000
2.1316 -0.910108 0.246685 -1.56642 1.75 0 3 2.13688 -0.92071 0.25 56.064000000
2.15561 -0.905197 0.2497 -1.53951 1.75 0 3 2.13696 -0.93188 0.249999 56.167000000
2.13196 -0.925278 0.256574 -1.56415 1.75 0 3 2.13703 -0.94241 0.25 56.267000000
2.11891 -0.942343 0.254614 -1.57846 1.75 0 3 2.1371 -0.952091 0.249999 56.358000000
2.10985 -0.953883 0.263427 -1.58619 1.75 0 3 2.13718 -0.962731 0.249999 56.459000000
2.14455 -0.949995 0.257026 -1.55101 1.75 0 3 2.13725 -0.973474 0.25 56.560000000
2.1445 -0.952018 0.277507 -1.54798 1.75 0 3 2.13733 -0.984219 0.249999 56.660000000
2.10455 -0.978113 0.282409 -1.58906 1.75 0 3 2.1374 -0.994856 0.249999 56.760000000
2.13643 -0.973137 0.28 -1.55665 1.75 0 3 2.13748 -1.00571 0.249999 56.861000000
2.15645 -1.08631 0.19169 -1.57604 1.75 -1.75 3 2.13823 -1.11232 0.25 57.864000000
2.1282 -1.07729 0.19113 -1.53366 1.75 -1.75 3 2.1383 -1.12254 0.25 57.960000000
2.1282 -1.07729 0.19113 -1.53529 1.75 -1.75 3 2.13837 -1.13329 0.249998 57.960000000
2.13906 -1.11912 0.213233 -1.5553 1.75 -1.75 3 2.13845 -1.14416 0.25 58.164000000
2.12933 -1.12004 0.214005 -1.5403 1.75 -1.75 3 2.13852 -1.15491 0.25 58.264000000
2.12851 -1.14056 0.226878 -1.54161 1.75 -1.75 3 2.13859 -1.16523 0.25 58.362000000
2.14246 -1.1473 0.224079 -1.56409 1.75 -1.75 3 2.13867 -1.17588 0.249998 58.461000000
2.14315 -1.17896 0.256923 -1.57534 1.75 -1.75 3 2.13875 -1.18694 0.25 58.565000000
2.14105 -1.18316 0.256258 -1.5712 1.75 -1.75 3 2.13881 -1.19642 0.25 58.654000000
2.13005 -1.1928 0.260547 -1.55274 1.75 -1.75 3 2.1389 -1.20844 0.249998 58.767000000
2.14053 -1.18217 0.210292 -1.55623 1.75 -1.75 3 2.13896 -1.21802 0.249998 58.857000000
2.14517 -1.22207 0.259176 -1.58066 1.75 -1.75 3 2.13904 -1.22866 0.25 58.958000000
2.15225 -1.23277 0.239647 -1.58818 1.75 -1.75 3 2.13912 -1.24026 0.25 59.066000000
2.15878 -1.23469 0.213552 -1.59367 1.75 -1.75 3 2.13919 -1.25028 0.249999 59.160000000
2.14311 -1.23633 0.19659 -1.55355 1.75 -1.75 3 2.13934 -1.2722 0.249999 59.366000000
2.15024 -1.26421 0.214736 -1.57336 1.75 -1.75 3 2.13941 -1.28251 0.25 59.463000000
2.15281 -1.27145 0.212638 -1.57861 1.75 -1.75 3 2.13948 -1.29316 0.249999 59.564000000
2.15201 -1.2818 0.207823 -1.57561 1.75 -1.75 3 2.13955 -1.3038 0.249999 59.663000000
2.15907 -1.30344 0.21181 -1.59238 1.75 -1.75 3 2.13963 -1.31456 0.249998 59.763000000
2.15388 -1.28639 0.178744 -1.56891 1.75 -1.75 3 2.1397 -1.32509 0.25 59.864000000
2.13414 -1.29665 0.203718 -1.53351 1.75 -1.75 3 2.13977 -1.33573 0.25 59.964000000
2.13414 -1.29665 0.203718 -1.55801 1.75 -1.75 3 2.13984 -1.34616 0.25 59.964000000
2.15566 -1.33259 0.197962 -1.58023 1.75 -1.75 3 2.13992 -1.35691 0.249999 60.162000000
2.14334 -1.33414 0.20453 -1.55278 1.75 -1.75 3 2.13999 -1.36754 0.249999 60.263000000
2.13793 -1.34909 0.218466 -1.54559 1.75 -1.75 3 2.14006 -1.3781 0.249996 60.361000000
2.13793 -1.34909 0.218466 -1.5878 1.75 -1.75 3 2.14021 -1.3994 0.249999 60.361000000
2.13853 -1.37537 0.20398 -1.53714 1.75 -1.75 3 2.14028 -1.41068 0.249999 60.667000000
2.14488 -1.39388 0.206233 -1.55511 1.75 -1.75 3 2.14035 -1.42047 0.250001 60.759000000
2.1496 -1.40613 0.196514 -1.56266 1.75 -1.75 3 2.14042 -1.43122 0.249998 60.860000000
2.15619 -1.42348 0.199887 -1.5843 1.75 -1.75 3 2.1405 -1.44228 0.25 60.964000000
2.14747 -1.42765 0.20377 -1.55989 1.75 -1.75 3 2.14057 -1.45271 0.25 61.062000000
2.14975 -1.43647 0.205872 -1.56906 1.75 -1.75 3 2.14064 -1.46346 0.25 61.163000000
2.14975 -1.43647 0.205872 -1.54088 1.75 -1.75 3 2.14072 -1.47432 0.25 61.163000000
2.14483 -1.48841 0.198035 -1.54792 1.75 -1.75 3 2.14101 -1.51678 0.249998 61.663000000
2.14414 -1.49929 0.211796 -1.55425 1.75 -1.75 3 2.14108 -1.52732 0.25 61.763000000
2.14029 -1.49967 0.197358 -1.5301 1.75 -1.75 3 2.14115 -1.53756 0.25 61.859000000
2.14827 -1.53431 0.213298 -1.57524 1.75 -1.75 3 2.14122 -1.5482 0.25 61.960000000
2.14195 -1.52926 0.200887 -1.53619 1.75 -1.75 3 2.1413 -1.55905 0.25 62.062000000
2.15467 -1.56041 0.188649 -1.58935 1.75 -1.75 3 2.14137 -1.56958 0.249999 62.159000000
2.15206 -1.54705 0.181601 -1.57016 1.75 -1.75 3 2.14145 -1.58139 0.25 62.271000000
2.15528 -1.585 0.192976 -1.59846 1.75 -1.75 3 2.14152 -1.59118 0.25 62.363000000
2.14552 -1.56818 0.192817 -1.54415 1.75 -1.75 3 2.14159 -1.60182 0.25 62.463000000
2.1474 -1.58201 0.18524 -1.54476 1.75 -1.75 3 2.14167 -1.61246 0.25 62.563000000
2.14921 -1.61243 0.208383 -1.57832 1.75 -1.75 3 2.14174 -1.62332 0.25 62.665000000
2.14921 -1.61243 0.208383 -1.53838 1.75 -1.75 3 2.14189 -1.64429 0.249998 62.665000000
2.14856 -1.63103 0.196877 -1.54846 1.75 -1.75 3 2.14196 -1.65525 0.25 62.966000000
2.1546 -1.65271 0.185795 -1.59536 1.75 -1.75 3 2.14204 -1.66589 0.25 63.064000000
2.14886 -1.66119 0.20955 -1.56743 1.75 -1.75 3 2.14211 -1.67632 0.25 63.163000000
2.15235 -1.64776 0.161948 -1.52991 1.75 -1.75 3 2.14218 -1.68717 0.249999 63.265000000
2.15235 -1.64776 0.161948 -1.54935 1.75 -1.75 3 2.14226 -1.69856 0.249998 63.265000000
2.15494 -1.68826 0.172422 -1.58404 1.75 -1.75 3 2.14233 -1.70792 0.25 63.460000000
2.15336 -1.70082 0.181917 -1.56567 1.75 -1.75 3 2.1424 -1.71814 0.25 63.557000000
2.15336 -1.70082 0.181917 -1.53835 1.75 -1.75 3 2.14248 -1.72985 0.249998 63.557000000
2.15336 -1.70082 0.181917 -1.59219 1.75 -1.75 3 2.14256 -1.74049 0.25 63.557000000
2.14887 -1.74781 0.210853 -1.59538 1.75 -1.75 3 2.14202 -1.75119 0.250001 63.864000000
2.1454 -1.75289 0.220315 -1.58658 1.75 -1.75 3 2.13997 -1.76066 0.250002 63.962000000
2.14572 -1.77007 0.209562 -1.61501 1.75 -1.75 3 2.13689 -1.76867 0.250003 64.065000000
2.13541 -1.76904 0.244472 -1.61056 1.75 -1.75 3 2.13307 -1.77514 0.250003 64.166000000
2.13267 -1.77169 0.241091 -1.62512 1.75 -1.75 3 2.1287 -1.77996 0.250003 64.271000000
2.1274 -1.79896 0.245174 -1.70494 1.75 -1.75 3 2.12372 -1.78695 0.250003 64.360000000
2.12191 -1.80461 0.242216 -1.73693 1.75 -1.75 3 2.1189 -1.79436 0.250002 64.460000000
2.11566 -1.81323 0.244709 -1.77076 1.75 -1.75 3 2.1137 -1.80169 0.249999 64.565000000
2.11384 -1.81083 0.245149 -1.77 1.75 -1.75 3 2.10914 -1.80799 0.250001 64.661000000
2.10941 -1.8093 0.244638 -1.7788 1.75 -1.75 3 2.10338 -1.81686 0.250002 64.768000000
2.10177 -1.81724 0.250779 -1.80782 1.75 -1.75 3 2.09898 -1.82399 0.250003 64.869000000
2.09838 -1.83144 0.248409 -1.8504 1.75 -1.75 3 2.0948 -1.83054 0.250002 64.963000000
2.09165 -1.84316 0.244704 -1.89187 1.75 -1.75 3 2.09137 -1.83664 0.250003 65.061000000
2.08985 -1.83728 0.25562 -1.87614 1.75 -1.75 3 2.08843 -1.84162 0.250002 65.164000000
2.08728 -1.84237 0.252477 -1.89451 1.75 -1.75 3 2.08567 -1.8469 0.250002 65.265000000
2.08424 -1.85113 0.247352 -1.91964 1.75 -1.75 3 2.08136 -1.85432 0.250002 65.366000000
2.08078 -1.85652 0.249953 -1.93753 1.75 -1.75 3 2.07753 -1.86184 0.250002 65.465000000
2.07403 -1.87065 0.250604 -1.97809 1.75 -1.75 3 2.07266 -1.8714 0.250002 65.562000000
2.06945 -1.88075 0.24696 -2.00227 1.75 -1.75 3 2.06868 -1.87999 0.250001 65.667000000
2.07081 -1.87339 0.250264 -1.97714 1.75 -1.75 3 2.06525 -1.88626 0.249995 65.764000000
2.06377 -1.89002 0.247826 -2.02673 1.75 -1.75 3 2.06227 -1.89351 0.250002 65.861000000
2.05571 -1.90583 0.250085 -2.07235 1.75 -1.75 3 2.05612 -1.90256 0.249998 65.966000000
2.05577 -1.90217 0.252709 -2.06194 1.75 -1.75 3 2.05241 -1.91118 0.25 66.065000000
2.04981 -1.91401 0.253489 -2.09176 1.75 -1.75 3 2.04789 -1.92001 0.250002 66.164000000
2.04591 -1.92149 0.255754 -2.10928 1.75 -1.75 3 2.0436 -1.92776 0.250001 66.263000000
2.04291 -1.9272 0.255574 -2.1251 1.75 -1.75 3 2.04131 -1.93122 0.250001 66.369000000
2.03352 -1.94035 0.259534 -2.17271 1.75 -1.75 3 2.03607 -1.93658 0.250001 66.466000000
2.03581 -1.93439 0.257343 -2.161 1.75 -1.75 3 2.02919 -1.94729 0.249996 66.565000000
2.0201 -1.95949 0.248978 -2.24445 1.75 -1.75 3 2.02186 -1.95656 0.249994 66.663000000
2.01262 -1.9686 0.250035 -2.27109 1.75 -1.75 3 2.01528 -1.9657 0.250001 66.762000000
2.01726 -1.96217 0.25414 -2.24153 1.75 -1.75 3 2.00873 -1.97507 0.250001 66.858000000
1.99818 -1.98609 0.253152 -2.32423 1.75 -1.75 3 2.00075 -1.98378 0.250001 66.966000000
1.99472 -1.98847 0.256369 -2.33339 1.75 -1.75 3 1.9926 -1.99111 0.249997 67.064000000
1.98196 -2.00011 0.255787 -2.38433 1.75 -1.75 3 1.98426 -1.9982 0.250001 67.163000000
1.98473 -1.99553 0.261191 -2.36735 1.75 -1.75 3 1.97632 -2.00574 0.25 67.264000000
1.96743 -2.01309 0.252351 -2.43975 1.75 -1.75 3 1.96841 -2.01194 0.250001 67.366000000
1.96075 -2.01624 0.263451 -2.45887 1.75 -1.75 3 1.96114 -2.01769 0.250001 67.467000000
1.96298 -2.01355 0.262368 -2.45099 1.75 -1.75 3 1.95407 -2.02272 0.249998 67.559000000
1.9446 -2.02694 0.264368 -2.51879 1.75 -1.75 3 1.94688 -2.02718 0.249993 67.656000000
1.94805 -2.02575 0.250928 -2.51552 1.75 -1.75 3 1.93845 -2.03177 0.249994 67.762000000
1.935 -2.03181 0.255916 -2.56007 1.75 -1.75 3 1.92978 -2.03545 0.249996 67.861000000
1.91202 -2.0416 0.269779 -2.63542 1.75 -1.75 3 1.92084 -2.03898 0.249992 67.966000000
1.9101 -2.04378 0.259864 -2.64767 1.75 -1.75 3 1.91114 -2.04142 0.25 68.067000000
1.90946 -2.03795 0.270153 -2.64514 1.75 -1.75 3 1.90236 -2.04271 0.249997 68.162000000
1.89885 -2.04385 0.259248 -2.68934 1.75 -1.75 3 1.89289 -2.04447 0.249996 68.263000000
1.8932 -2.04141 0.266019 -2.70623 1.75 -1.75 3 1.88374 -2.04585 0.25 68.358000000
1.87248 -2.04834 0.260971 -2.77693 1.75 -1.75 3 1.87309 -2.0459 0.25 68.465000000
1.85965 -2.04673 0.26707 -2.81844 1.75 -1.75 3 1.86282 -2.04506 0.250001 68.565000000
1.85078 -2.04557 0.261511 -2.85562 1.75 -1.75 3 1.85311 -2.04389 0.250001 68.666000000
1.84931 -2.04346 0.258898 -2.86333 1.75 -1.75 3 1.84298 -2.04167 0.25 68.771000000
1.82922 -2.04259 0.265617 -2.93301 1.75 -1.75 3 1.83404 -2.03915 0.249999 68.877000000
1.83527 -2.03918 0.256547 -2.91802 1.75 -1.75 3 1.82567 -2.03811 0.250002 68.963000000
1.83035 -2.03581 0.256565 -2.92728 1.75 -1.75 3 1.81679 -2.0374 0.250002 69.063000000
1.82084 -2.03466 0.258056 -2.94096 1.75 -1.75 3 1.80663 -2.03831 0.25 69.163000000
1.79915 -2.03802 0.257311 -2.97872 1.75 -1.75 3 1.79571 -2.04015 0.249999 69.264000000
1.79717 -2.03869 0.253852 -2.96469 1.75 -1.75 3 1.78515 -2.04212 0.25 69.368000000
1.78872 -2.03971 0.259599 -2.97065 1.75 -1.75 3 1.77553 -2.04391 0.25 69.459000000
1.7726 -2.04272 0.260049 -2.96238 1.75 -1.75 3 1.76517 -2.04583 0.249999 69.558000000
1.76168 -2.04383 0.257829 -2.97655 1.75 -1.75 3 1.7545 -2.04782 0.25 69.661000000
1.75304 -2.04652 0.257395 -2.96574 1.75 -1.75 3 1.74394 -2.04978 0.249999 69.761000000
1.74924 -2.04687 0.260134 -2.95547 1.75 -1.75 3 1.73358 -2.0517 0.249999 69.860000000
1.73452 -2.04763 0.260107 -2.98186 1.75 -1.75 3 1.7226 -2.05375 0.249999 69.965000000
1.72885 -2.05048 0.262101 -2.95388 1.75 -1.75 3 1.71235 -2.05565 0.25 70.063000000
1.7048 -2.05294 0.254623 -2.99163 1.75 -1.75 3 1.70263 -2.05746 0.249999 70.156000000
1.70045 -2.05501 0.260625 -2.9661 1.75 -1.75 3 1.69238 -2.05937 0.25 70.254000000
1.69424 -2.05687 0.257751 -2.96596 1.75 -1.75 3 1.68087 -2.06151 0.249999 70.362000000
1.68008 -2.05845 0.258062 -2.97132 1.75 -1.75 3 1.67052 -2.06343 0.25 70.463000000
1.68349 -2.06238 0.253596 -2.94115 1.75 -1.75 3 1.66017 -2.06536 0.25 70.563000000
1.65834 -2.06152 0.258375 -2.97445 1.75 -1.75 3 1.64971 -2.0673 0.25 70.662000000
1.65672 -2.06677 0.251058 -2.94727 1.75 -1.75 3 1.63904 -2.06928 0.25 70.765000000
1.64774 -2.06713 0.25371 -2.95407 1.75 -1.75 3 1.62879 -2.07119 0.25 70.862000000
1.6378 -2.07395 0.252993 -2.92842 1.75 -1.75 3 1.61791 -2.07321 0.25 70.966000000
1.62609 -2.07244 0.260107 -2.94473 1.75 -1.75 3 1.60766 -2.07512 0.25 71.060000000
1.61843 -2.0757 0.258184 -2.93611 1.75 -1.75 3 1.59688 -2.07712 0.25 71.168000000
1.60804 -2.07661 0.255078 -2.94393 1.75 -1.75 3 1.586 -2.07914 0.25 71.271000000
1.58656 -2.07537 0.252523 -2.97087 1.75 -1.75 3 1.57607 -2.08099 0.249999 71.365000000
1.58377 -2.08056 0.254317 -2.94756 1.75 -1.75 3 1.56613 -2.08284 0.25 71.461000000
1.55631 -2.0748 0.254804 -2.99224 1.75 -1.75 3 1.55546 -2.08482 0.25 71.563000000
1.56223 -2.08274 0.255212 -2.95545 1.75 -1.75 3 1.545 -2.08676 0.249996 71.663000000
1.55446 -2.09033 0.253667 -2.93375 1.75 -1.75 3 1.53465 -2.08869 0.25 71.762000000
1.5374 -2.08936 0.255731 -2.94949 1.75 -1.75 3 1.52335 -2.09079 0.25 71.870000000
1.53141 -2.09144 0.251562 -2.9478 1.75 -1.75 3 1.51383 -2.09256 0.249999 71.962000000
1.51677 -2.09183 0.251292 -2.95647 1.75 -1.75 3 1.50285 -2.0946 0.25 72.065000000
1.50264 -2.09129 0.253484 -2.9647 1.75 -1.75 3 1.49292 -2.09645 0.249999 72.162000000
1.49555 -2.09115 0.257224 -2.9674 1.75 -1.75 3 1.48308 -2.09828 0.249999 72.256000000
1.49169 -2.10102 0.251972 -2.9425 1.75 -1.75 3 1.47168 -2.1004 0.25 72.364000000
1.48753 -2.10286 0.255569 -2.93671 1.75 -1.75 3 1.46227 -2.10215 0.25 72.455000000
1.47342 -2.10338 0.252554 -2.94537 1.75 -1.75 3 1.45108 -2.10423 0.249999 72.562000000
1.44857 -2.09525 0.250509 -2.98202 1.75 -1.75 3 1.44062 -2.10617 0.249999 72.661000000
1.43506 -2.09409 0.252153 -2.99041 1.75 -1.75 3 1.42984 -2.10817 0.249999 72.764000000
1.4237 -2.09608 0.257201 -2.98826 1.75 -1.75 3 1.41938 -2.11011 0.25 72.864000000
1.43029 -2.11 0.251688 -2.9508 1.75 -1.75 3 1.40949 -2.11089 0.250001 72.956000000
1.40126 -2.09742 0.249307 -3.00087 1.75 -1.75 3 1.39905 -2.11013 0.250001 73.065000000
1.40048 -2.10558 0.253734 -2.99092 1.75 -1.75 3 1.38673 -2.1089 0.250001 73.168000000
1.38956 -2.10019 0.258026 -3.01268 1.75 -1.75 3 1.37719 -2.10631 0.249997 73.262000000
1.37417 -2.09709 0.250068 -3.04972 1.75 -1.75 3 1.36734 -2.10341 0.249997 73.362000000
1.35466 -2.08419 0.247987 -3.10489 1.75 -1.75 3 1.35923 -2.10171 0.250001 73.470000000
1.35112 -2.08118 0.257206 -3.11488 1.75 -1.75 3 1.35112 -2.10108 0.250001 73.560000000
1.34917 -2.09143 0.257841 -3.10069 1.75 -1.75 3 1.34142 -2.10073 0.249999 73.663000000
1.3432 -2.09301 0.250303 -3.10373 1.75 -1.75 3 1.33069 -2.10131 0.25 73.763000000
1.34067 -2.10498 0.249541 -3.07624 1.75 -1.75 3 1.32081 -2.10185 0.249999 73.857000000
1.33385 -2.1101 0.257697 -3.06213 1.75 -1.75 3 1.30965 -2.10246 0.25 73.962000000
1.31011 -2.09112 0.252411 -3.10935 1.75 -1.75 3 1.29882 -2.10305 0.25 74.063000000
1.30176 -2.09596 0.254159 -3.09816 1.75 -1.75 3 1.28819 -2.10363 0.25 74.162000000
1.29537 -2.10345 0.258132 -3.08224 1.75 -1.75 3 1.27772 -2.10309 0.250001 74.264000000
1.293 -2.10756 0.255414 -3.07697 1.75 -1.75 3 1.26846 -2.1015 0.249996 74.365000000
1.27088 -2.09349 0.257413 -3.11738 1.75 -1.75 3 1.25999 -2.09868 0.25 74.464000000
1.25043 -2.0794 0.247309 3.11592 1.75 -1.75 3 1.25095 -2.09467 0.25 74.566000000
1.25724 -2.09059 0.254744 3.1317 1.75 -1.75 3 1.24489 -2.09105 0.250001 74.664000000
1.23587 -2.06845 0.250958 3.06522 1.75 -1.75 3 1.23583 -2.08757 0.250001 74.763000000
1.23044 -2.06828 0.259215 3.04957 1.75 -1.75 3 1.22788 -2.08549 0.25 74.857000000
1.22763 -2.08339 0.248587 3.06747 1.75 -1.75 3 1.21635 -2.08386 0.25 74.964000000
1.22558 -2.09298 0.261542 3.08965 1.75 -1.75 3 1.20546 -2.08303 0.249999 75.066000000
1.21374 -2.08871 0.252845 3.07895 1.75 -1.75 3 1.19581 -2.08231 0.25 75.157000000
1.21307 -2.09636 0.254246 3.0949 1.75 -1.75 3 1.18446 -2.08145 0.249999 75.264000000
1.18579 -2.06927 0.258016 3.04835 1.75 -1.75 3 1.17309 -2.08117 0.250001 75.367000000
1.17873 -2.07682 0.256679 3.06483 1.75 -1.75 3 1.15906 -2.08079 0.249995 75.466000000
1.17263 -2.09325 0.257873 3.09963 1.75 -1.75 3 1.14584 -2.08203 0.250001 75.565000000
1.16443 -2.10644 0.25105 3.13068 1.75 -1.75 3 1.13564 -2.08489 0.25 75.665000000
1.15726 -2.103 0.254582 3.13432 1.75 -1.75 3 1.12711 -2.08818 0.249993 75.763000000
1.14691 -2.10779 0.259485 -3.11545 1.75 -1.75 3 1.11847 -2.09112 0.250001 75.862000000
1.13485 -2.11432 0.249173 -3.09016 1.75 -1.75 3 1.10656 -2.09291 0.250001 75.964000000
1.11024 -2.08461 0.246679 -3.13324 1.75 -1.75 3 1.09553 -2.09381 0.25 76.066000000
1.11057 -2.11352 0.244247 -3.08484 1.75 -1.75 3 1.08532 -2.09408 0.25 76.163000000
1.08949 -2.09623 0.248463 -3.11102 1.75 -1.75 3 1.07479 -2.09437 0.249999 76.261000000
1.09096 -2.11525 0.242813 -3.08436 1.75 -1.75 3 1.06341 -2.09467 0.25 76.367000000
1.06813 -2.09389 0.248725 -3.11501 1.75 -1.75 3 1.05341 -2.09494 0.25 76.462000000
1.06331 -2.09556 0.255266 -3.11095 1.75 -1.75 3 1.04278 -2.09523 0.25 76.563000000
1.05975 -2.11492 0.252806 -3.08397 1.75 -1.75 3 1.03182 -2.09552 0.249999 76.666000000
1.04922 -2.10848 0.252614 -3.09371 1.75 -1.75 3 1.02129 -2.09581 0.25 76.764000000
1.03321 -2.11149 0.24456 -3.09269 1.75 -1.75 3 1.01065 -2.0961 0.249999 76.864000000
1.01504 -2.10068 0.24638 -3.10803 1.75 -1.75 3 0.99927 -2.0964 0.25 76.964000000
1.00909 -2.10474 0.242076 -3.10366 1.75 -1.75 3 0.989912 -2.09665 0.25 77.059000000
1.00615 -2.12184 0.246743 -3.08006 1.75 -1.75 3 0.978533 -2.09696 0.249999 77.166000000
0.993086 -2.12012 0.243595 -3.08421 1.75 -1.75 3 0.968095 -2.09724 0.249999 77.262000000
0.968066 -2.0868 0.251761 -3.12689 1.75 -1.75 3 0.957673 -2.09752 0.249999 77.362000000
0.97403 -2.11641 0.255016 -3.08852 1.75 -1.75 3 0.946827 -2.09781 0.249999 77.465000000
0.952239 -2.10259 0.248826 -3.10843 1.75 -1.75 3 0.935875 -2.09811 0.25 77.564000000
0.950427 -2.10441 0.254535 -3.10504 1.75 -1.75 3 0.925773 -2.09838 0.249999 77.662000000
0.934825 -2.11183 0.254071 -3.09655 1.75 -1.75 3 0.915352 -2.09866 0.249999 77.760000000
0.926513 -2.11365 0.2493 -3.09543 1.75 -1.75 3 0.904506 -2.09895 0.249999 77.863000000
0.915999 -2.11494 0.252016 -3.09408 1.75 -1.75 3 0.893768 -2.09924 0.25 77.963000000
0.889144 -2.08401 0.249007 -3.13124 1.75 -1.75 3 0.883325 -2.09952 0.25 78.060000000
0.883605 -2.1056 0.244658 -3.1074 1.75 -1.75 3 0.872479 -2.09981 0.25 78.163000000
0.874639 -2.09724 0.246783 -3.11674 1.75 -1.75 3 0.862165 -2.10009 0.249999 78.261000000
0.860432 -2.07898 0.243967 -3.13794 1.75 -1.75 3 0.851213 -2.10039 0.25 78.363000000
0.862053 -2.11849 0.243034 -3.09406 1.75 -1.75 3 0.839943 -2.10069 0.25 78.469000000
0.85263 -2.12314 0.245067 -3.08921 1.75 -1.75 3 0.829628 -2.10097 0.249999 78.567000000
0.848081 -2.1229 0.250113 -3.08866 1.75 -1.75 3 0.819315 -2.10124 0.25 78.664000000
0.829943 -2.1108 0.249251 -3.10322 1.75 -1.75 3 0.808895 -2.10152 0.25 78.762000000
0.812694 -2.09417 0.254101 -3.12081 1.75 -1.75 3 0.798893 -2.10179 0.25 78.855000000
0.812057 -2.10687 0.256594 -3.10688 1.75 -1.75 3 0.787197 -2.10211 0.25 78.965000000
0.794412 -2.10776 0.249599 -3.10794 1.75 -1.75 3 0.776565 -2.10239 0.25 79.065000000
0.789349 -2.11116 0.250779 -3.10454 1.75 -1.75 3 0.76657 -2.10266 0.25 79.160000000
0.776287 -2.10234 0.256445 -3.11201 1.75 -1.75 3 0.755829 -2.10295 0.25 79.261000000
0.754636 -2.07506 0.258592 -3.13925 1.75 -1.75 3 0.745085 -2.10324 0.25 79.362000000
0.758923 -2.10471 0.259522 -3.10919 1.75 -1.75 3 0.734234 -2.10353 0.249999 79.464000000
0.728447 -2.06599 0.263033 -3.14731 1.75 -1.75 3 0.723709 -2.10381 0.25 79.563000000
0.731163 -2.11869 0.24116 -3.10068 1.75 -1.75 3 0.71382 -2.10408 0.249999 79.656000000
0.716352 -2.10447 0.247371 -3.11343 1.75 -1.75 3 0.701806 -2.1044 0.25 79.768000000
0.717247 -2.12728 0.245544 -3.09148 1.75 -1.75 3 0.691173 -2.10469 0.25 79.868000000
0.708656 -2.09855 0.252899 -3.11365 1.75 -1.75 3 0.680966 -2.10496 0.25 79.965000000
0.712823 -2.05566 0.319915 -3.14174 1.75 -1.75 3 0.670332 -2.10525 0.25 80.065000000
0.664186 -2.11206 0.22283 -3.11541 1.75 -1.75 3 0.659699 -2.10553 0.25 80.163000000
0.664186 -2.11206 0.22283 -3.11398 1.75 -1.75 3 0.649491 -2.10581 0.25 80.163000000
0.664186 -2.11206 0.22283 -3.09275 0 -1.75 3 0.627799 -2.10639 0.25 80.163000000
0.664186 -2.11206 0.22283 -3.12274 0 -1.75 3 0.617267 -2.10668 0.249999 80.163000000
0.664186 -2.11206 0.22283 -3.10508 0 -1.75 3 0.606315 -2.10697 0.25 80.163000000
0.664186 -2.11206 0.22283 -3.11802 0 -1.75 3 0.596212 -2.10724 0.249999 80.163000000
0.664186 -2.11206 0.22283 -3.13953 0 -1.75 3 0.585365 -2.10754 0.249999 80.163000000
0.664186 -2.11206 0.22283 -3.12075 0 -1.75 3 0.575476 -2.1078 0.25 80.163000000
0.664186 -2.11206 0.22283 -3.13233 0 -1.75 3 0.563883 -2.10811 0.249999 80.163000000
0.664186 -2.11206 0.22283 -3.12118 0 -1.75 3 0.553144 -2.1084 0.25 80.163000000
0.564859 -2.13795 0.17912 -3.14836 0 -1.75 3 0.543784 -2.10866 0.249999 81.254000000
0.564859 -2.13795 0.17912 -3.10952 0 -1.75 3 0.521557 -2.10925 0.25 81.254000000
0.541361 -2.1016 0.216458 -3.09281 0 -1.75 3 0.510815 -2.10954 0.249999 81.564000000
0.52586 -2.10919 0.225555 -3.10888 0 -1.75 3 0.500711 -2.10981 0.249999 81.660000000
0.509293 -2.11402 0.2267 -3.11839 0 -1.75 3 0.48985 -2.1101 0.25 81.762000000
0.498347 -2.11392 0.222724 -3.11625 0 -1.75 3 0.478469 -2.11041 0.249999 81.869000000
0.503868 -2.09503 0.226662 -3.0801 0 -1.75 3 0.468579 -2.11068 0.25 81.961000000
0.465409 -2.12639 0.232575 -3.14548 0 -1.75 3 0.457624 -2.11097 0.249999 82.065000000
0.46025 -2.12591 0.22983 -3.14439 0 -1.75 3 0.447202 -2.11125 0.249999 82.163000000
0.465438 -2.1096 0.221102 -3.10483 0 -1.75 3 0.436132 -2.11155 0.249999 82.266000000
0.44956 -2.11073 0.224629 -3.10787 0 -1.75 3 0.425496 -2.11183 0.249999 82.366000000
0.428194 -2.12257 0.220641 -3.13403 0 -1.75 3 0.41518 -2.11211 0.25 82.463000000
0.418366 -2.12119 0.231594 -3.13423 0 -1.75 3 0.404438 -2.1124 0.249999 82.563000000
0.416233 -2.10964 0.231927 -3.10557 0 -1.75 3 0.394229 -2.11268 0.249999 82.660000000
0.410896 -2.10199 0.230058 -3.0851 0 -1.75 3 0.383386 -2.11297 0.249999 82.762000000
0.394231 -2.10742 0.233191 -3.09807 0 -1.75 3 0.372626 -2.11325 0.249995 82.863000000
0.381693 -2.11795 0.227138 -3.12146 0 -1.75 3 0.361716 -2.11293 0.250001 82.961000000
0.374038 -2.12368 0.199684 -3.12911 0 -1.75 3 0.349832 -2.1119 0.25 83.062000000
0.363296 -2.11056 0.223056 -3.11352 0 -1.75 3 0.343474 -2.1101 0.250001 83.157000000
0.356101 -2.10606 0.227521 3.15369 0 -1.75 3 0.337079 -2.10637 0.250002 83.261000000
0.346827 -2.11434 0.228864 3.12895 0 -1.75 3 0.332925 -2.10267 0.250003 83.358000000
0.342566 -2.10194 0.232994 3.10006 0 -1.75 3 0.328147 -2.09827 0.250001 83.464000000
0.3294 -2.11145 0.229802 3.05579 0 -1.75 3 0.320098 -2.0934 0.250002 83.567000000
0.312535 -2.1131 0.232153 3.00016 0 -1.75 3 0.313137 -2.08867 0.250001 83.661000000
0.313749 -2.09846 0.23329 2.99137 0 -1.75 3 0.306997 -2.08432 0.249997 83.763000000
0.298479 -2.0999 0.233018 2.9386 0 -1.75 3 0.298769 -2.07892 0.250004 83.865000000
0.298288 -2.08982 0.23454 2.93299 0 -1.75 3 0.292789 -2.07498 0.250002 83.962000000
0.29855 -2.07301 0.247155 2.93575 0 -1.75 3 0.284957 -2.06985 0.250001 84.055000000
0.281951 -2.08175 0.244546 2.88069 0 -1.75 3 0.277796 -2.0655 0.250002 84.166000000
0.287229 -2.07053 0.228478 2.88531 0 -1.75 3 0.271228 -2.06158 0.250003 84.261000000
0.28065 -2.06207 0.231928 2.86643 0 -1.75 3 0.264951 -2.05721 0.250002 84.355000000
0.258715 -2.07363 0.225542 2.79093 0 -1.75 3 0.257745 -2.05298 0.250001 84.462000000
0.25495 -2.06455 0.236688 2.7832 0 -1.75 3 0.249451 -2.04767 0.250002 84.565000000
0.253633 -2.05065 0.236612 2.7781 0 -1.75 3 0.241982 -2.04273 0.25 84.663000000
0.245764 -2.04606 0.244618 2.75761 0 -1.75 3 0.236836 -2.03957 0.250003 84.767000000
0.245683 -2.0383 0.241362 2.75254 0 -1.75 3 0.233256 -2.0374 0.250002 84.867000000
0.229654 -2.05055 0.231032 2.69091 0 -1.75 3 0.230075 -2.03454 0.250002 84.966000000
0.233444 -2.04128 0.235806 2.70206 0 -1.75 3 0.222866 -2.03002 0.250002 85.068000000
0.234311 -2.02762 0.238425 2.70721 0 -1.75 3 0.219165 -2.02833 0.250002 85.171000000
0.216059 -2.03964 0.238506 2.64637 0 -1.75 3 0.21623 -2.02592 0.250002 85.261000000
0.214572 -2.03844 0.234155 2.63672 0 -1.75 3 0.213511 -2.02353 0.250002 85.364000000
0.215149 -2.02997 0.239406 2.63384 0 -1.75 3 0.211556 -2.02125 0.249996 85.463000000
0.207355 -2.02765 0.249471 2.60201 0 -1.75 3 0.202066 -2.01359 0.249993 85.564000000
0.205116 -2.02633 0.231003 2.5831 0 -1.75 3 0.193255 -2.00897 0.249992 85.663000000
0.187631 -2.02385 0.231048 2.532 0 -1.75 3 0.184198 -2.00478 0.250001 85.764000000
0.185454 -2.01329 0.226687 2.53566 0 -1.75 3 0.177695 -2.00086 0.250001 85.864000000
0.174359 -2.01604 0.229129 2.49745 0 -1.75 3 0.167952 -1.99375 0.249997 85.962000000
0.169597 -2.0023 0.234179 2.48912 0 -1.75 3 0.157743 -1.98617 0.249991 86.063000000
0.162326 -1.98822 0.240985 2.47832 0 -1.75 3 0.147977 -1.97828 0.250001 86.166000000
0.142321 -1.99452 0.23586 2.39904 0 -1.75 3 0.138951 -1.97052 0.249997 86.265000000
0.13943 -1.97996 0.236682 2.39709 0 -1.75 3 0.130287 -1.96226 0.250001 86.363000000
0.13485 -1.96759 0.23152 2.38587 0 -1.75 3 0.122191 -1.9553 0.250001 86.464000000
0.116911 -1.97019 0.222316 2.30665 0 -1.75 3 0.115012 -1.94835 0.250001 86.567000000
0.112408 -1.95751 0.230327 2.29407 0 -1.75 3 0.108084 -1.94036 0.25 86.665000000
0.103529 -1.95469 0.227984 2.25278 0 -1.75 3 0.101115 -1.93274 0.250001 86.764000000
0.100538 -1.93922 0.232448 2.25205 0 -1.75 3 0.0955635 -1.92378 0.25 86.869000000
0.0975171 -1.93632 0.193569 2.2151 0 -1.75 3 0.0907414 -1.91543 0.249999 86.963000000
0.090524 -1.92914 0.209859 2.19031 0 -1.75 3 0.0859244 -1.90702 0.249995 87.063000000
0.090524 -1.92914 0.209859 2.1547 0 -1.75 3 0.0812883 -1.89856 0.25 87.063000000
0.0749398 -1.91241 0.208671 2.08491 0 -1.75 3 0.0783015 -1.88978 0.249992 87.261000000
0.0789853 -1.89707 0.205736 2.09528 0 -1.75 3 0.0749874 -1.88147 0.250001 87.360000000
0.0730072 -1.8948 0.219921 2.05745 0 -1.75 3 0.0724541 -1.87186 0.249996 87.466000000
0.0693437 -1.88479 0.196904 2.00781 0 -1.75 3 0.0706229 -1.86283 0.25 87.564000000
0.0635555 -1.87515 0.233597 1.95934 0 -1.75 3 0.0697374 -1.85381 0.249995 87.664000000
0.0635555 -1.87515 0.233597 1.94652 0 -1.75 3 0.0692109 -1.84456 0.249999 87.664000000
0.0635555 -1.87515 0.233597 1.8889 0 -1.75 3 0.069499 -1.83542 0.250001 87.664000000
0.0635555 -1.87515 0.233597 1.91804 0 -1.75 3 0.0702171 -1.82604 0.25 87.664000000
0.0635555 -1.87515 0.233597 1.81485 0 -1.75 3 0.0745936 -1.79844 0.250002 87.664000000
0.0635555 -1.87515 0.233597 1.77817 0 -1.75 3 0.0783797 -1.78859 0.250001 87.664000000
0.0635555 -1.87515 0.233597 1.69522 0 -1.75 3 0.0804251 -1.77448 0.250002 87.664000000
0.0635555 -1.87515 0.233597 1.69005 0 -1.75 3 0.0818291 -1.76215 0.250001 87.664000000
0.0839 -1.77869 0.176427 1.66239 0 -1.75 3 0.0852941 -1.75177 0.25 88.661000000
0.0862474 -1.75818 0.221517 1.66725 0 -1.75 3 0.0866309 -1.73851 0.25 88.762000000
0.0878698 -1.74296 0.22052 1.64238 0 -1.75 3 0.0878187 -1.7293 0.250001 88.863000000
0.0883256 -1.73079 0.22048 1.66119 0 -1.75 3 0.0876382 -1.71825 0.250001 88.962000000
0.0890681 -1.72629 0.22539 1.60385 0 -1.75 3 0.0871186 -1.70727 0.25 89.065000000
0.0890832 -1.7126 0.218169 1.61346 0 -1.75 3 0.0865226 -1.69686 0.25 89.162000000
0.08612 -1.69789 0.226023 1.6546 0 -1.75 3 0.0859086 -1.68614 0.249999 89.262000000
0.0889045 -1.69453 0.220398 1.61857 0 -1.75 3 0.0852825 -1.6752 0.25 89.362000000
0.0853599 -1.67888 0.225879 1.65581 0 -1.75 3 0.0846687 -1.66447 0.249999 89.467000000
0.0843704 -1.66654 0.221218 1.6452 0 -1.75 3 0.0840678 -1.65405 0.249999 89.565000000
0.0858246 -1.65792 0.218242 1.62623 0 -1.75 3 0.0834718 -1.64364 0.249999 89.663000000
0.0870391 -1.65044 0.213651 1.61207 0 -1.75 3 0.0828638 -1.63302 0.249999 89.764000000
0.0804319 -1.63536 0.230733 1.65911 0 -1.75 3 0.0822864 -1.62294 0.25 89.859000000
0.0880568 -1.62737 0.211422 1.60156 0 -1.75 3 0.0816239 -1.61136 0.249999 89.967000000
0.0794914 -1.60987 0.224832 1.65345 0 -1.75 3 0.0810124 -1.60073 0.25 90.067000000
0.0808558 -1.6042 0.22201 1.63653 0 -1.75 3 0.0804349 -1.59064 0.249999 90.162000000
0.0801208 -1.5913 0.212906 1.6432 0 -1.75 3 0.0798577 -1.58055 0.25 90.256000000
0.0773242 -1.58407 0.211185 1.65756 0 -1.75 3 0.0792082 -1.56918 0.25 90.363000000
0.0841497 -1.57542 0.222529 1.60587 0 -1.75 3 0.0786187 -1.55888 0.249999 90.462000000
0.0818958 -1.56159 0.227004 1.61273 0 -1.75 3 0.078005 -1.54816 0.25 90.562000000
0.08479 -1.55596 0.212436 1.6047 0 -1.75 3 0.0773853 -1.53733 0.25 90.665000000
0.0827757 -1.54326 0.227158 1.60719 0 -1.75 3 0.0767667 -1.5265 0.249999 90.766000000
0.0761393 -1.53023 0.226747 1.63674 0 -1.75 3 0.0761468 -1.51567 0.249999 90.860000000
0.0831851 -1.51868 0.207524 1.60533 0 -1.75 3 0.0755696 -1.50558 0.25 90.963000000
0.0840479 -1.51307 0.211485 1.60187 0 -1.75 3 0.0750166 -1.49592 0.249999 91.054000000
0.0819921 -1.49685 0.206666 1.60891 0 -1.75 3 0.0743484 -1.48424 0.249999 91.164000000
0.0687788 -1.48613 0.20124 1.65914 0 -1.75 3 0.0737835 -1.47437 0.25 91.256000000
0.0839336 -1.48176 0.219169 1.594 0 -1.75 3 0.0732013 -1.46417 0.25 91.353000000
0.0810654 -1.46747 0.213104 1.60428 0 -1.75 3 0.0725545 -1.45289 0.25 91.460000000
0.0823179 -1.45593 0.203268 1.60142 0 -1.75 3 0.071953 -1.44238 0.249999 91.561000000
0.0750642 -1.43837 0.191955 1.62529 0 -1.75 3 0.0713274 -1.43144 0.25 91.662000000
0.0698306 -1.43144 0.199451 1.63832 0 -1.75 3 0.0707139 -1.42072 0.249999 91.762000000
0.0624952 -1.41586 0.191557 1.65694 0 -1.75 3 0.0701369 -1.41063 0.25 91.858000000
0.0806595 -1.40898 0.205345 1.60009 0 -1.75 3 0.0695113 -1.39969 0.249999 91.961000000
0.0688302 -1.39903 0.196934 1.63592 0 -1.75 3 0.0689526 -1.38993 0.249999 92.053000000
0.0817827 -1.38909 0.199397 1.59797 0 -1.75 3 0.0682299 -1.37729 0.25 92.172000000
0.0733568 -1.38089 0.201029 1.62053 0 -1.75 3 0.0676529 -1.3672 0.249999 92.266000000
0.0692215 -1.36833 0.208434 1.62769 0 -1.75 3 0.0670582 -1.35679 0.249999 92.363000000
0.0715315 -1.36086 0.198147 1.62353 0 -1.75 3 0.0664491 -1.34612 0.249999 92.464000000
0.0746323 -1.34903 0.200002 1.61352 0 -1.75 3 0.0658781 -1.33614 0.249999 92.557000000
0.0756921 -1.33695 0.191628 1.61009 0 -1.75 3 0.06521 -1.32446 0.249999 92.668000000
0.0557279 -1.32586 0.213499 1.65674 0 -1.75 3 0.0646088 -1.31394 0.25 92.767000000
0.0557279 -1.32586 0.213499 1.60636 0 -1.75 3 0.0634243 -1.29323 0.249999 92.767000000
0.0557279 -1.32586 0.213499 1.59546 0 -1.75 3 0.0627746 -1.28186 0.25 92.767000000
0.0668753 -1.28033 0.218775 1.62319 0 -1.75 3 0.0621611 -1.27114 0.249999 93.167000000
0.0542025 -1.27136 0.21485 1.64986 0 -1.75 3 0.0615843 -1.26105 0.25 93.266000000
0.0545661 -1.26046 0.223574 1.64563 0 -1.75 3 0.0609951 -1.25074 0.249999 93.362000000
0.0672035 -1.24906 0.225451 1.61791 0 -1.75 3 0.0603212 -1.23895 0.25 93.467000000
0.0438577 -1.23362 0.223895 1.6627 0 -1.75 3 0.0597685 -1.22929 0.249999 93.564000000
0.0786596 -1.23083 0.220622 1.59552 0 -1.75 3 0.059131 -1.21813 0.25 93.669000000
0.0603709 -1.21794 0.222405 1.62958 0 -1.75 3 0.0585484 -1.20794 0.249999 93.765000000
0.0717101 -1.20557 0.215203 1.60705 0 -1.75 3 0.057929 -1.1971 0.249999 93.866000000
0.0535008 -1.19403 0.212585 1.63923 0 -1.75 3 0.0573339 -1.18669 0.249999 93.964000000
0.0511139 -1.18277 0.220802 1.64188 0 -1.75 3 0.0567509 -1.1765 0.249999 94.061000000
0.0657439 -1.16923 0.213637 1.61589 0 -1.75 3 0.0561374 -1.16577 0.249999 94.162000000
0.0421396 -1.16289 0.222413 1.6551 0 -1.75 3 0.0555059 -1.15472 0.249999 94.266000000
0.0516309 -1.1482 0.213444 1.63816 0 -1.75 3 0.0548621 -1.14346 0.249999 94.372000000
0.0637289 -1.14524 0.222518 1.61685 0 -1.75 3 0.0543156 -1.1339 0.249999 94.462000000
0.0751618 -1.13369 0.220992 1.5965 0 -1.75 3 0.0537125 -1.12337 0.250001 94.562000000
0.0431186 -1.11974 0.229698 1.64653 0 -1.75 3 0.0530922 -1.11254 0.25 94.660000000
0.0415889 -1.11226 0.227137 1.64909 0 -1.75 3 0.0524782 -1.10181 0.249999 94.764000000
0.0449408 -1.0996 0.225548 1.64179 0 -1.75 3 0.0518096 -1.09012 0.249999 94.874000000
0.0444479 -1.08824 0.232667 1.64062 0 -1.75 3 0.0512505 -1.08035 0.249999 94.965000000
0.0338777 -1.07233 0.221955 1.65614 0 -1.75 3 0.0506732 -1.07026 0.25 95.061000000
0.0614978 -1.06796 0.22278 1.61487 0 -1.75 3 0.0499927 -1.05837 0.25 95.172000000
0.0398393 -1.05135 0.212773 1.64555 0 -1.75 3 0.0494398 -1.0487 0.249999 95.263000000
0.0613512 -1.04051 0.218062 1.61382 0 -1.75 3 0.0487958 -1.03744 0.249999 95.370000000
0.0350776 -1.03652 0.231592 1.64953 0 -1.75 3 0.0482308 -1.02757 0.25 95.464000000
0.0656664 -1.02208 0.218232 1.60621 0 -1.75 3 0.0475899 -1.0164 0.250001 95.564000000
0.0447576 -1.00581 0.213184 1.63428 0 -1.75 3 0.0469999 -1.0061 0.249999 95.665000000
0.0723952 -1.00183 0.214061 1.59675 0 -1.75 3 0.0464102 -0.9958 0.25 95.763000000
0.069657 -0.989842 0.216579 1.60011 0 -1.75 3 0.045784 -0.984861 0.249999 95.865000000
0.0654739 -0.983913 0.221458 1.60401 0 -1.75 3 0.0451641 -0.974029 0.249999 95.968000000
0.0606633 -0.973487 0.228437 1.61007 0 -1.75 3 0.0445686 -0.963623 0.249999 96.065000000
0.0671233 -0.958895 0.223435 1.60254 0 -1.75 3 0.0439245 -0.952367 0.249999 96.170000000
0.0409735 -0.94794 0.228158 1.63416 0 -1.75 3 0.0432866 -0.941217 0.25 96.275000000
0.0697833 -0.941661 0.227703 1.59708 0 -1.75 3 0.0427563 -0.931972 0.249994 96.363000000
0.0217377 -0.922271 0.216947 1.65513 0 -1.75 3 0.0421256 -0.921067 0.249999 96.464000000
0.0180616 -0.91722 0.219342 1.65902 0 -1.75 3 0.0415166 -0.910489 0.249999 96.565000000
0.069777 -0.908638 0.223939 1.59692 0 -1.75 3 0.0408956 -0.899714 0.249999 96.664000000
0.0180354 -0.891176 0.220094 1.6576 0 -1.75 3 0.0402397 -0.888246 0.249999 96.772000000
0.0451726 -0.887943 0.220197 1.62575 0 -1.75 3 0.0396932 -0.878689 0.249999 96.863000000
0.0568335 -0.873785 0.218199 1.61095 0 -1.75 3 0.0390495 -0.867434 0.249999 96.964000000
0.0356412 -0.858023 0.209496 1.63399 0 -1.75 3 0.0384544 -0.857027 0.249999 97.061000000
0.0621275 -0.847121 0.211989 1.60478 0 -1.75 3 0.0378743 -0.846934 0.25 97.162000000
0.0354084 -0.839624 0.206448 1.63381 0 -1.75 3 0.0372672 -0.836316 0.25 97.262000000
0.0410888 -0.832417 0.222035 1.62625 0 -1.75 3 0.0366662 -0.825804 0.249999 97.362000000
0.0188658 -0.818088 0.224471 1.64993 0 -1.75 3 0.0360107 -0.814336 0.249999 97.469000000
0.0106369 -0.801415 0.208528 1.65765 0 -1.75 3 0.0353614 -0.802975 0.25 97.576000000
0.0371371 -0.801392 0.206758 1.62975 0 -1.75 3 0.0348516 -0.794055 0.25 97.661000000
0.0302016 -0.794698 0.247735 1.63364 0 -1.75 3 0.0342326 -0.783223 0.25 97.763000000
0.0194374 -0.787374 0.26198 1.64392 0 -1.75 3 0.0336203 -0.772472 0.249999 97.863000000
0.0529995 -0.773816 0.257314 1.60872 0 -1.75 3 0.0330061 -0.761736 0.249998 97.964000000
0.0505983 -0.767306 0.258433 1.61144 0 -1.75 3 0.0324115 -0.751326 0.25 98.062000000
0.0242939 -0.756664 0.261624 1.63723 0 -1.75 3 0.0317926 -0.74049 0.25 98.164000000
0.0306778 -0.749147 0.260023 1.63056 0 -1.75 3 0.031204 -0.730184 0.25 98.261000000
0.0671655 -0.737444 0.262827 1.59415 0 -1.75 3 0.0305858 -0.719134 0.249996 98.366000000
0.0111568 -0.72782 0.260723 1.64975 0 -1.75 3 0.0314223 -0.708917 0.250001 98.465000000
0.0620689 -0.720761 0.271294 1.59296 0 -1.75 3 0.0333272 -0.700106 0.250002 98.561000000
0.0854781 -0.706585 0.248641 1.55607 0 -1.75 3 0.0371845 -0.690876 0.250001 98.662000000
0.0619094 -0.698796 0.152011 1.54993 0 -1.75 3 0.0412694 -0.680199 0.250001 98.759000000
0.0619094 -0.698796 0.152011 1.52017 0 -1.75 3 0.0448841 -0.669946 0.250001 98.759000000
0.041147 -0.646864 0.222596 1.4947 0 0 3 0.0501719 -0.617349 0.25 99.362000000
0.064399 -0.623589 0.242472 1.53238 0 0 3 0.0496308 -0.606629 0.250002 99.464000000
0.0578356 -0.614335 0.248581 1.52271 0 0 3 0.0477067 -0.595548 0.250001 99.565000000
0.0457236 -0.59567 0.251066 1.53144 0 0 3 0.0445505 -0.582689 0.250002 99.673000000
0.0758241 -0.582387 0.257371 1.5983 0 0 3 0.040917 -0.575571 0.25 99.763000000
0.045329 -0.574234 0.258166 1.58658 0 0 3 0.0373942 -0.57036 0.250001 99.866000000
0.0506559 -0.568359 0.254048 1.62972 0 0 3 0.0356651 -0.563363 0.250002 99.965000000
0.0182757 -0.565294 0.260571 1.58281 0 0 3 0.0353715 -0.555559 0.25 100.064000000
0.0521097 -0.554889 0.255403 1.6448 0 0 3 0.0338656 -0.546341 0.250002 100.164000000
0.0499724 -0.546293 0.248356 1.65342 0 0 3 0.0325677 -0.535016 0.25 100.265000000
0.0369933 -0.529981 0.261139 1.63585 0 0 3 0.031926 -0.523969 0.25 100.368000000
0.0267722 -0.528859 0.247647 1.61637 0 0 3 0.0313386 -0.51388 0.25 100.463000000
0.0378071 -0.512768 0.25485 1.64056 0 0 3 0.030709 -0.503046 0.25 100.564000000
0.0322726 -0.5016 0.252024 1.63071 0 0 3 0.0300983 -0.492528 0.25 100.665000000
0.0434462 -0.495736 0.246949 1.65313 0 0 3 0.029491 -0.482114 0.249999 100.762000000
0.0221391 -0.485621 0.250665 1.6114 0 0 3 0.0288487 -0.471067 0.249999 100.865000000
0.0216212 -0.472944 0.249484 1.61182 0 0 3 0.0282621 -0.460978 0.25 100.961000000
0.0154877 -0.465744 0.253186 1.59905 0 0 3 0.0276385 -0.45025 0.249999 101.061000000
0.0291002 -0.452555 0.253004 1.62985 0 0 3 0.0270197 -0.439624 0.249999 101.163000000
0.0401788 -0.439071 0.251587 1.65606 0 0 3 0.0263833 -0.428685 0.25 101.265000000
0.0314188 -0.434847 0.246506 1.63663 0 0 3 0.0257656 -0.418065 0.25 101.365000000
0.027575 -0.415987 0.261891 1.63102 0 0 3 0.0251418 -0.407338 0.249999 101.466000000
0.0347973 -0.405732 0.253745 1.65129 0 0 3 0.0245613 -0.397356 0.249999 101.560000000
0.0387352 -0.401992 0.246365 1.66088 0 0 3 0.0238906 -0.385971 0.249998 101.667000000
0.0315733 -0.389954 0.247345 1.64536 0 0 3 0.0232916 -0.375672 0.25 101.764000000
0.0201414 -0.378952 0.24896 1.61795 0 0 3 0.0226617 -0.364841 0.25 101.866000000
0.0198325 -0.363947 0.258491 1.61907 0 0 3 0.0220256 -0.353903 0.249999 101.969000000
0.011723 -0.358437 0.254687 1.59701 0 0 3 0.0213836 -0.34286 0.249999 102.073000000
0.010657 -0.345815 0.249591 1.59561 0 0 3 0.020828 -0.333304 0.249999 102.163000000
0.0102459 -0.334562 0.250618 1.59429 0 0 3 0.0202193 -0.322888 0.25 102.261000000
0.0212171 -0.329002 0.235944 1.62795 0 0 3 0.019602 -0.312271 0.25 102.362000000
0.0159304 -0.311856 0.257175 1.61439 0 0 3 0.01896 -0.301228 0.25 102.465000000
0.0243048 -0.298005 0.259989 1.64338 0 0 3 0.0183499 -0.290708 0.25 102.565000000
0.0257688 -0.292378 0.255707 1.65119 0 0 3 0.0177326 -0.280091 0.25 102.663000000
0.0191383 -0.282278 0.246136 1.62936 0 0 3 0.0171462 -0.270003 0.249999 102.760000000
0.0179037 -0.275064 0.250097 1.62656 0 0 3 0.0164996 -0.258853 0.249999 102.864000000
0.00992411 -0.264478 0.2386 1.59939 0 0 3 0.0158576 -0.247813 0.249999 102.968000000
0.0112941 -0.24818 0.258485 1.60727 0 0 3 0.0152714 -0.237729 0.25 103.063000000
0.0159779 -0.236767 0.259931 1.6277 0 0 3 0.0146357 -0.226793 0.249999 103.166000000
0.0225086 -0.226388 0.245234 1.6584 0 0 3 0.0140249 -0.216283 0.25 103.265000000
0.00836593 -0.220905 0.245154 1.59696 0 0 3 0.0134079 -0.205665 0.25 103.364000000
0.00833909 -0.207728 0.247476 1.59983 0 0 3 0.0127847 -0.19494 0.249999 103.466000000
0.0106582 -0.201716 0.244822 1.61103 0 0 3 0.0121744 -0.184429 0.25 103.565000000
0.0164538 -0.188514 0.24424 1.64446 0 0 3 0.011418 -0.173654 0.249997 103.665000000
0.0139067 -0.175896 0.244284 1.63872 0 0 3 0.0107603 -0.165412 0.249998 103.766000000
0.00703464 -0.166768 0.244594 1.60368 0 0 3 0.0102461 -0.159615 0.25 103.863000000
0.0165315 -0.162086 0.248429 1.66557 0 0 3 0.009827 -0.155769 0.25 103.966000000
0.0149553 -0.158472 0.242307 1.66001 0 0 3 0.00959731 -0.154457 0.249999 104.064000000
0.00712872 -0.157654 0.239264 1.61104 0 0 3 0.009597 -0.154451 0.25 104.162000000
0.0105825 -0.156879 0.243834 1.63267 0 0 3 0.00959657 -0.154443 0.249999 104.260000000
0.0136264 -0.157233 0.239015 1.65231 0 0 3 0.00959626 -0.154436 0.25 104.362000000
0.0138539 -0.157213 0.238922 1.65373 0 0 3 0.00959582 -0.154427 0.249999 104.464000000
0.00533757 -0.15767 0.239248 1.59993 0 0 3 0.00959551 -0.15442 0.25 104.565000000
0.0116462 -0.157385 0.238771 1.63983 0 0 3 0.00959662 -0.154378 0.249998 104.663000000
0.0133695 -0.157096 0.239824 1.65082 0 0 3 0.00959893 -0.154362 0.25 104.767000000
0.013365 -0.156964 0.241134 1.65133 0 0 3 0.0095985 -0.154355 0.249999 104.869000000
0.0153158 -0.155933 0.24763 1.66381 0 0 3 0.00959822 -0.154348 0.25 104.963000000
0.00634675 -0.156594 0.247505 1.60614 0 0 3 0.00959784 -0.154341 0.25 105.067000000
0.0138545 -0.156074 0.247517 1.65439 0 0 3 0.00959745 -0.154332 0.25 105.172000000
0.0157478 -0.156134 0.245962 1.66548 0 0 3 0.00959729 -0.154325 0.249999 105.263000000
0.00636536 -0.156567 0.247505 1.60645 0 0 3 0.00960085 -0.154274 0.249999 105.362000000
0.0083035 -0.156497 0.247411 1.61856 0 0 3 0.00960048 -0.154267 0.249999 105.464000000
0.00790709 -0.156434 0.24777 1.61607 0 0 3 0.00960012 -0.15426 0.249999 105.565000000
0.014164 -0.156012 0.247823 1.6559 0 0 3 0.0095998 -0.154253 0.25 105.668000000
0.0063212 -0.156485 0.247838 1.606 0 0 3 0.00959939 -0.154245 0.249999 105.760000000
0.0134751 -0.156074 0.247844 1.65149 0 0 3 0.00959901 -0.154237 0.249999 105.865000000
0.00834913 -0.156422 0.247921 1.61871 0 0 3 0.0095937 -0.154209 0.249995 105.965000000
0.0071837 -0.156447 0.247783 1.61147 0 0 3 0.00959524 -0.154199 0.25 106.063000000
0.0155376 -0.155927 0.247586 1.66484 0 0 3 0.00959488 -0.154193 0.25 106.160000000
0.013596 -0.15601 0.247771 1.65249 0 0 3 0.00959443 -0.154185 0.249999 106.265000000
0.00635058 -0.15647 0.247758 1.60612 0 0 3 0.00959414 -0.154179 0.25 106.361000000
0.0159892 -0.155789 0.247762 1.66787 0 0 3 0.0095937 -0.154171 0.249999 106.463000000
0.0145151 -0.155927 0.247778 1.65838 0 0 3 0.0095934 -0.154165 0.25 106.560000000
0.00902129 -0.156341 0.247744 1.62322 0 0 3 0.00959302 -0.154157 0.25 106.666000000
0.0128448 -0.15607 0.247706 1.64772 0 0 3 0.00959264 -0.154148 0.25 106.770000000
0.0102689 -0.15626 0.24772 1.63126 0 0 3 0.00958919 -0.154116 0.25 106.865000000
0.0100346 -0.156274 0.247667 1.62971 0 0 3 0.00958876 -0.15411 0.249999 106.961000000
0.0124224 -0.15597 0.248366 1.64504 0 0 3 0.00958843 -0.154104 0.25 107.067000000
0.00889981 -0.156571 0.246676 1.622 0 0 3 0.009588 -0.154096 0.249999 107.168000000
0.0119203 -0.15637 0.246676 1.64131 0 0 3 0.00958765 -0.154089 0.249999 107.259000000
0.00677599 -0.156666 0.246654 1.60846 0 0 3 0.00958734 -0.154083 0.25 107.365000000
0.00624579 -0.156689 0.246611 1.60506 0 0 3 0.00958697 -0.154075 0.25 107.465000000
0.00943393 -0.156402 0.247577 1.62577 0 0 3 0.00958663 -0.154068 0.25 107.559000000
0.00680234 -0.156558 0.247452 1.60894 0 0 3 0.00958635 -0.154059 0.249999 107.662000000
0.012517 -0.156206 0.247421 1.64546 0 0 3 0.00958268 -0.154026 0.249999 107.767000000
0.00642525 -0.156273 0.248985 1.60738 0 0 3 0.0095824 -0.154021 0.25 107.863000000
0.0148529 -0.15586 0.248888 1.66088 0 0 3 0.00958202 -0.154015 0.25 107.965000000
0.0115539 -0.155879 0.249489 1.64006 0 0 3 0.00958166 -0.154008 0.25 108.064000000
0.00750819 -0.156128 0.249546 1.61411 0 0 3 0.00958123 -0.154 0.249999 108.163000000
0.0124905 -0.155807 0.249523 1.64605 0 0 3 0.00958087 -0.153993 0.249999 108.262000000
0.010966 -0.155859 0.249687 1.63631 0 0 3 0.00958048 -0.153985 0.249999 108.367000000
0.00861491 -0.156069 0.249394 1.6212 0 0 3 0.00958012 -0.153977 0.249999 108.466000000
0.0154723 -0.155479 0.2496 1.66524 0 0 3 0.00958087 -0.15397 0.25 108.567000000
0.0136044 -0.155868 0.249095 1.65303 0 0 3 0.00957634 -0.153939 0.25 108.664000000
0.00654535 -0.1561 0.249463 1.60793 0 0 3 0.00957593 -0.153932 0.249999 108.759000000
0.00562458 -0.156037 0.24973 1.60207 0 0 3 0.00957554 -0.153925 0.249999 108.865000000
0.0108168 -0.155847 0.249307 1.63535 0 0 3 0.00957515 -0.153918 0.249999 108.968000000
0.00958315 -0.15624 0.24835 1.62728 0 0 3 0.00957487 -0.153912 0.25 109.064000000
0.00752435 -0.156243 0.248614 1.61417 0 0 3 0.00957449 -0.153904 0.25 109.167000000
0.0101518 -0.156072 0.248658 1.631 0 0 3 0.00957412 -0.153896 0.25 109.268000000
0.00696225 -0.156308 0.24847 1.61058 0 0 3 0.00957377 -0.153889 0.25 109.363000000
0.00857384 -0.156125 0.248833 1.62091 0 0 3 0.0095752 -0.153865 0.249999 109.465000000
0.00992881 -0.155936 0.249199 1.62964 0 0 3 0.00957714 -0.153831 0.249999 109.563000000
0.00527194 -0.156055 0.249466 1.59974 0 0 3 0.00957683 -0.153824 0.25 109.665000000
0.0122873 -0.155585 0.249745 1.64472 0 0 3 0.00957647 -0.153817 0.25 109.763000000
0.00659378 -0.155996 0.249507 1.60817 0 0 3 0.00957602 -0.153808 0.249999 109.866000000
0.0102499 -0.155736 0.249743 1.63161 0 0 3 0.00957573 -0.153802 0.25 109.963000000
0.00613653 -0.156019 0.249487 1.60524 0 0 3 0.00957542 -0.153793 0.249999 110.068000000
0.0137224 -0.155528 0.249435 1.65384 0 0 3 0.0095718 -0.15376 0.249999 110.168000000
0.0137863 -0.155636 0.249032 1.65424 0 0 3 0.00957145 -0.153755 0.249999 110.265000000
0.0126865 -0.155699 0.249033 1.64717 0 0 3 0.00957117 -0.15375 0.25 110.359000000
0.0151365 -0.15548 0.249033 1.66292 0 0 3 0.00957078 -0.153742 0.25 110.464000000
0.0146694 -0.155557 0.249028 1.65991 0 0 3 0.00957039 -0.153735 0.25 110.572000000
0.00590191 -0.156076 0.24915 1.60375 0 0 3 0.00956999 -0.153727 0.249999 110.663000000
0.00573275 -0.156082 0.24915 1.60266 0 0 3 0.00956968 -0.15372 0.25 110.764000000
0.0109567 -0.155835 0.249147 1.63617 0 0 3 0.00956931 -0.153712 0.25 110.867000000
0.00714299 -0.156059 0.249167 1.61173 0 0 3 0.00956933 -0.153704 0.249999 110.965000000
0.0152677 -0.155373 0.249231 1.66411 0 0 3 0.00957276 -0.153655 0.25 111.060000000
0.0064509 -0.156173 0.247319 1.60698 0 0 3 0.00957239 -0.153648 0.25 111.159000000
0.00944476 -0.155865 0.248258 1.62642 0 0 3 0.00957194 -0.153639 0.249999 111.269000000
0.0117075 -0.155719 0.248248 1.64095 0 0 3 0.00957158 -0.153632 0.249999 111.365000000
0.0121665 -0.155618 0.24837 1.6439 0 0 3 0.00957129 -0.153625 0.25 111.463000000
0.0128383 -0.155562 0.248327 1.64822 0 0 3 0.00957087 -0.153617 0.249999 111.560000000
0.0110895 -0.155698 0.248364 1.63698 0 0 3 0.00957202 -0.153575 0.249998 111.667000000
0.00964095 -0.155793 0.248378 1.62768 0 0 3 0.00957433 -0.15356 0.25 111.768000000
0.0142242 -0.155552 0.247386 1.6567 0 0 3 0.00957397 -0.153553 0.25 111.868000000
0.0116007 -0.155793 0.24733 1.63962 0 0 3 0.00957355 -0.153545 0.249999 111.964000000
0.0153072 -0.155447 0.247247 1.66362 0 0 3 0.00957325 -0.153538 0.25 112.065000000
