0.00657246 -0.00130124 0.250217 -0.00847175 0 0 3 0.00976548 -0.00212241 0.249998 45.833000000
0.00660579 -0.00111919 0.250167 0.0197342 0 0 3 0.00980489 -0.00212333 0.249999 45.952000000
0.0066459 -0.00106802 0.250092 0.0275885 0 0 3 0.00984451 -0.00212896 0.249998 46.056000000
0.00658521 -0.00139797 0.250059 -0.0222674 0 0 3 0.00985578 -0.00212934 0.25 46.156000000
0.00660866 -0.00133619 0.249992 -0.0126583 0 0 3 0.00986976 -0.00212968 0.25 46.256000000
0.00664525 -0.00113599 0.249972 0.0175696 0 0 3 0.00988348 -0.00213004 0.249998 46.352000000
0.00661299 -0.00136226 0.249926 -0.0166728 0 0 3 0.00989466 -0.00213041 0.25 46.453000000
0.00664693 -0.00123121 0.249954 0.00256929 0 0 3 0.00995773 -0.00213652 0.25 46.556000000
0.00666769 -0.00127174 0.249795 -0.0027878 0 0 3 0.00997178 -0.00213686 0.25 46.655000000
0.00668432 -0.00120227 0.249773 0.00778493 0 0 3 0.00998406 -0.00213725 0.25 46.752000000
0.00666283 -0.00132325 0.249765 -0.010654 0 0 3 0.00999804 -0.00213759 0.25 46.852000000
0.00668207 -0.00125421 0.249742 -0.000281247 0 0 3 0.0104139 -0.00213832 0.249998 46.956000000
0.00673784 -0.00105392 0.24964 0.030357 0 0 3 0.013063 -0.00214147 0.25 47.051000000
0.00981458 -0.000833603 0.250928 0.0277602 0 0 3 0.0189228 -0.00216261 0.250001 47.156000000
0.0170152 -0.00100093 0.24973 0.00817101 0 0 3 0.0270106 -0.00217422 0.25 47.254000000
0.0219685 -0.00112217 0.240971 0.0138617 0 0 3 0.0383628 -0.00218947 0.25 47.362000000
0.0339022 -0.00220029 0.239645 -0.0263314 0 0 3 0.0487907 -0.0022035 0.25 47.460000000
0.0408533 -0.000682576 0.25435 0.00615509 0 0 3 0.0586889 -0.00221681 0.249998 47.553000000
0.0527432 -0.00337544 0.23797 -0.0350838 0 0 3 0.0696481 -0.00223157 0.25 47.656000000
0.0663588 -0.00246027 0.251241 -0.0192668 0 0 3 0.0798636 -0.00224537 0.25 47.751000000
0.0783321 -0.0034163 0.239235 -0.0266413 0 0 3 0.0907203 -0.00225937 0.25 47.852000000
0.0855665 0.000201042 0.240889 0.0199179 0 0 3 0.101679 -0.00227419 0.25 47.957000000
0.0982389 -0.00378037 0.248307 -0.0252877 0 0 3 0.111788 -0.00228789 0.25 48.052000000
0.111083 -0.00243186 0.242042 -0.00823774 0 0 3 0.122747 -0.00230276 0.25 48.154000000
0.117084 -0.00476172 0.246462 -0.0271698 0 0 3 0.133174 -0.00231693 0.25 48.252000000
0.129892 -0.00547541 0.242238 -0.028637 0 0 3 0.143498 -0.00233099 0.249998 48.349000000
0.142822 0.00316951 0.251353 0.0335026 0 0 3 0.154669 -0.00234625 0.25 48.454000000
0.148877 -0.00512758 0.236538 -0.0210008 0 0 3 0.165526 -0.00236013 0.25 48.555000000
0.162815 -0.00190544 0.24546 -0.000452192 0 0 3 0.17574 -0.00237142 0.249999 48.652000000
0.174509 0.00171783 0.240273 0.0223179 0 0 3 0.187013 -0.00238695 0.249999 48.758000000
0.174566 -0.00104929 0.239505 0.006506 0 0 3 0.196798 -0.00240044 0.249999 48.851000000
0.194831 -0.00532416 0.244349 -0.0155988 0 0 3 0.207327 -0.00241497 0.25 48.948000000
0.206148 -0.000376142 0.245463 0.00824245 0 0 3 0.218602 -0.00243055 0.25 49.055000000
0.212711 -0.00194005 0.247537 0.000333584 0 0 3 0.228707 -0.00244452 0.249999 49.151000000
0.225989 -0.00284144 0.240687 -0.0018192 0 0 3 0.239133 -0.002458 0.249999 49.249000000
0.238332 0.00532423 0.240849 0.0316334 0 0 3 0.25062 -0.00247401 0.249999 49.356000000
0.245982 -0.00653105 0.22841 -0.0158591 0 0 3 0.260936 -0.0024884 0.25 49.453000000
0.256862 0.00227159 0.251023 0.0175691 0 0 3 0.272957 -0.00250518 0.249999 49.566000000
0.270461 -0.00178072 0.242142 0.000490406 0 0 3 0.282636 -0.0025187 0.25 49.657000000
0.276172 0.00301956 0.247612 0.0174655 0 0 3 0.292103 -0.00253194 0.249999 49.746000000
0.290068 -0.00502585 0.233514 -0.00834475 0 0 3 0.303272 -0.00254757 0.25 49.852000000
0.302239 0.0055098 0.241459 0.0259532 0 0 3 0.314442 -0.00256321 0.249999 49.956000000
0.310718 -0.0071303 0.223586 -0.0165095 0 0 3 0.324867 -0.00257782 0.249999 50.055000000
0.322005 -0.00559348 0.237632 -0.0116837 0 0 3 0.335718 -0.00259306 0.249999 50.157000000
0.333684 0.00613221 0.24025 0.0200984 0 0 3 0.346143 -0.00260773 0.249999 50.254000000
0.340191 0.00889839 0.243084 0.0278718 0 0 3 0.356891 -0.00262477 0.25 50.355000000
0.351842 -0.011526 0.249353 -0.0314201 0 0 3 0.367104 -0.00263911 0.25 50.451000000
0.365946 0.010045 0.243303 0.0299841 0 0 3 0.378275 -0.00265484 0.249999 50.556000000
0.37313 -4.43251e-05 0.240259 0.000430541 0 0 3 0.388808 -0.00267025 0.249999 50.655000000
0.38596 -0.0120544 0.233442 -0.0302845 0 0 3 0.399234 -0.00268494 0.249999 50.753000000
0.398809 -0.00939747 0.234825 -0.0228727 0 0 3 0.40998 -0.00270066 0.249999 50.854000000
0.412214 0.00287915 0.237614 0.0100086 0 0 3 0.420726 -0.00271663 0.249999 50.955000000
0.419875 0.00938113 0.233637 0.0258575 0 0 3 0.430832 -0.00273065 0.25 51.051000000
0.433118 -0.00631565 0.226551 -0.0119348 0 0 3 0.441791 -0.0027467 0.25 51.153000000
0.440978 -0.015073 0.213935 -0.0318115 0 0 3 0.452537 -0.0027625 0.25 51.254000000
0.452559 -0.0172683 0.217686 -0.0348949 0 0 3 0.462964 -0.00277719 0.25 51.352000000
0.467723 -0.00351757 0.210533 -0.00433894 0 0 3 0.475094 -0.00279495 0.249999 51.466000000
0.473462 -0.016914 0.210438 -0.0318802 0 0 3 0.48435 -0.00280929 0.25 51.552000000
0.501746 0.0137395 0.202373 0.0314741 0 0 3 0.505535 -0.00283911 0.249998 51.752000000
0.506561 0.0112816 0.215901 0.0266953 0 0 3 0.517242 -0.00285564 0.25 51.863000000
0.52131 0.00932782 0.210791 0.0231039 0 0 3 0.527038 -0.00286782 0.249999 51.953000000
0.526216 -0.0120087 0.210139 -0.0176856 0 0 3 0.537784 -0.00288297 0.25 52.056000000
0.541783 -0.00190249 0.207032 0.00137911 0 0 3 0.548211 -0.00289773 0.25 52.154000000
0.553052 -0.00837557 0.205892 -0.0101102 0 0 3 0.558638 -0.00291255 0.25 52.252000000
0.56049 0.00621618 0.209484 0.0167693 0 0 3 0.569809 -0.00292849 0.249999 52.356000000
0.569966 -0.00383754 0.210134 -0.00143523 0 0 3 0.580206 -0.0031841 0.250002 52.454000000
0.587375 -6.22597e-05 0.208344 0.00435197 0 0 3 0.591646 -0.0042503 0.249997 52.552000000
0.599489 -0.00837039 0.206741 -0.0191961 0 0 3 0.598889 -0.00635631 0.250002 52.652000000
0.600236 -0.0409128 0.219239 -0.0774117 0 0 3 0.606363 -0.0104793 0.250004 52.755000000
0.614234 -0.0304872 0.20089 -0.0809777 0 0 3 0.614392 -0.0156235 0.250001 52.856000000
0.622051 -0.01346 0.205304 -0.0765247 0 0 3 0.624778 -0.0208161 0.249998 52.958000000
0.634275 -0.0153356 0.206282 -0.107825 0 0 3 0.632362 -0.0259193 0.249997 53.052000000
0.639556 -0.0360658 0.197844 -0.153438 0 0 3 0.640628 -0.0313492 0.250001 53.157000000
0.648121 -0.0561923 0.199709 -0.209448 0 0 3 0.649483 -0.0364082 0.250001 53.257000000
0.662089 -0.0337148 0.196247 -0.193657 0 0 3 0.65813 -0.0403485 0.249998 53.354000000
0.663778 -0.0391236 0.20899 -0.208352 0 0 3 0.668354 -0.0436462 0.249998 53.452000000
0.677876 -0.0511082 0.200132 -0.229394 0 0 3 0.680081 -0.0463454 0.25 53.566000000
0.691037 -0.0382079 0.202931 -0.20609 0 0 3 0.68912 -0.0483592 0.25 53.653000000
0.696236 -0.0650114 0.199941 -0.242527 0 0 3 0.699403 -0.0506504 0.25 53.752000000
0.711544 -0.0548482 0.19598 -0.22339 0 0 3 0.709791 -0.0529651 0.25 53.852000000
0.723904 -0.0349721 0.201854 -0.192677 0 0 3 0.720803 -0.0554187 0.25 53.958000000
0.733484 -0.0399518 0.205135 -0.196231 0 0 3 0.73119 -0.0577332 0.25 54.056000000
0.737117 -0.0668531 0.208507 -0.231071 0 0 3 0.740958 -0.0599133 0.25 54.152000000
0.74981 -0.0755613 0.205004 -0.238153 0 0 3 0.751036 -0.0621596 0.249998 54.249000000
0.767032 -0.0426379 0.195677 -0.191774 0 0 3 0.761734 -0.0645439 0.25 54.352000000
0.772071 -0.0741847 0.211139 -0.229688 0 0 3 0.772433 -0.0669286 0.25 54.455000000
0.781385 -0.0572902 0.208152 -0.206214 0 0 3 0.782509 -0.0691743 0.25 54.553000000
0.795187 -0.0451926 0.205774 -0.187394 0 0 3 0.793834 -0.0717024 0.249999 54.654000000
0.805483 -0.0685566 0.210752 -0.21308 0 0 3 0.803905 -0.0739476 0.25 54.758000000
0.811577 -0.0653661 0.211708 -0.208293 0 0 3 0.813872 -0.0761698 0.25 54.855000000
0.824575 -0.0570065 0.212873 -0.194241 0 0 3 0.824255 -0.0784846 0.25 54.955000000
0.835238 -0.0841055 0.212733 -0.223508 0 0 3 0.834643 -0.080798 0.249998 55.055000000
0.846157 -0.0570273 0.205459 -0.18971 0 0 3 0.845441 -0.0832056 0.249999 55.159000000
0.853416 -0.090834 0.216787 -0.226416 0 0 3 0.855418 -0.0854307 0.249999 55.255000000
0.864334 -0.0678647 0.213386 -0.197363 0 0 3 0.866216 -0.0878396 0.249999 55.358000000
0.872601 -0.0780997 0.22179 -0.206487 0 0 3 0.875976 -0.0900167 0.249999 55.452000000
0.890283 -0.0670503 0.210087 -0.190665 0 0 3 0.886567 -0.092379 0.249999 55.553000000
0.893689 -0.0947751 0.208114 -0.220587 0 0 3 0.896741 -0.0946486 0.249999 55.653000000
0.9022 -0.114479 0.213337 -0.239236 0 0 3 0.907548 -0.0970585 0.25 55.756000000
0.914555 -0.0692599 0.208801 -0.187978 0 0 3 0.918346 -0.0994685 0.25 55.861000000
0.913246 -0.0735034 0.241127 -0.190093 0 0 3 0.927898 -0.1016 0.25 55.952000000
0.922776 -0.126148 0.241222 -0.244031 0 0 3 0.939215 -0.104126 0.249999 56.061000000
0.938172 -0.0808869 0.242419 -0.192837 0 0 3 0.949491 -0.106418 0.25 56.160000000
0.943478 -0.0980205 0.240607 -0.209593 0 0 3 0.959979 -0.10876 0.25 56.261000000
0.955523 -0.11483 0.238574 -0.224201 0 0 3 0.969428 -0.110869 0.249999 56.353000000
0.964752 -0.104296 0.249362 -0.211103 0 0 3 0.980125 -0.113257 0.249999 56.455000000
0.96737 -0.128569 0.25122 -0.234755 0 0 3 0.9903 -0.115529 0.249999 56.553000000
0.985374 -0.0966514 0.247922 -0.199517 0 0 3 1.0011 -0.117939 0.249999 56.657000000
0.993797 -0.131331 0.250027 -0.232936 0 0 3 1.01148 -0.120257 0.249999 56.757000000
1.00611 -0.123789 0.248958 -0.2232 0 0 3 1.023 -0.122829 0.25 56.867000000
1.00768 -0.141257 0.258752 -0.238625 0 0 3 1.03204 -0.124846 0.249999 56.955000000
1.00768 -0.141257 0.258752 -0.241329 0 0 3 1.04263 -0.127211 0.249999 56.955000000
1.03718 -0.144291 0.245996 -0.235145 0 0 3 1.05301 -0.129529 0.249999 57.157000000
1.04553 -0.125257 0.24642 -0.21559 0 0 3 1.06298 -0.131753 0.249999 57.253000000
1.05122 -0.136564 0.249009 -0.225365 0 0 3 1.07284 -0.133955 0.25 57.348000000
1.05691 -0.155404 0.259162 -0.242595 0 0 3 1.08374 -0.136385 0.249999 57.453000000
1.08019 -0.105615 0.246318 -0.191134 0 0 3 1.09391 -0.138654 0.25 57.551000000
1.11521 -0.165833 0.176023 -0.247244 0 0 3 1.10471 -0.141065 0.25 57.655000000
1.11521 -0.165833 0.176023 -0.245649 0 0 3 1.11509 -0.143382 0.25 57.655000000
1.19604 -0.156916 0.222459 -0.238249 1.75 0 3 1.21872 -0.166507 0.25 58.754000000
1.21005 -0.173973 0.213037 -0.213659 1.75 0 3 1.22921 -0.168848 0.249998 58.854000000
1.21429 -0.162366 0.219855 -0.237401 1.75 0 3 1.23949 -0.171143 0.25 58.954000000
1.22165 -0.162324 0.208529 -0.244706 1.75 0 3 1.24847 -0.173271 0.249999 59.053000000
1.2433 -0.185168 0.222489 -0.205043 1.75 0 3 1.25571 -0.175007 0.25 59.153000000
1.2365 -0.164726 0.211806 -0.248481 1.75 0 3 1.26011 -0.176106 0.250001 59.252000000
1.25211 -0.189142 0.2184 -0.202303 1.75 0 3 1.2626 -0.176739 0.250002 59.354000000
1.24431 -0.167888 0.211606 -0.246967 1.75 0 3 1.26445 -0.177243 0.25 59.453000000
1.25469 -0.188656 0.215499 -0.206496 1.75 0 3 1.26848 -0.178169 0.249998 59.550000000
1.25367 -0.166285 0.225068 -0.253389 1.75 0 3 1.27533 -0.179745 0.249997 59.651000000
1.26709 -0.198616 0.204584 -0.193615 1.75 0 3 1.28468 -0.182249 0.250001 59.754000000
1.27 -0.169734 0.217911 -0.262767 1.75 0 3 1.29391 -0.185453 0.25 59.850000000
1.28066 -0.184159 0.218082 -0.245189 1.75 0 3 1.30292 -0.189811 0.249999 59.952000000
1.27957 -0.170044 0.216532 -0.28916 1.75 0 3 1.31049 -0.194472 0.250002 60.054000000
1.29517 -0.190295 0.207435 -0.300414 1.75 0 3 1.31909 -0.199204 0.249997 60.152000000
1.30781 -0.208022 0.213825 -0.269326 1.75 0 3 1.32832 -0.20293 0.25 60.250000000
1.31905 -0.215225 0.204008 -0.276447 1.75 0 3 1.33877 -0.20626 0.249999 60.354000000
1.32427 -0.214941 0.20068 -0.281753 1.75 0 3 1.34915 -0.209389 0.249999 60.455000000
1.34074 -0.227681 0.199565 -0.260048 1.75 0 3 1.35882 -0.212303 0.25 60.550000000
1.34573 -0.222707 0.189151 -0.28294 1.75 0 3 1.36931 -0.215464 0.249999 60.653000000
1.35613 -0.226792 0.198232 -0.275136 1.75 0 3 1.379 -0.2185 0.250001 60.748000000
1.35717 -0.210751 0.198948 -0.329815 1.75 0 3 1.38915 -0.22281 0.250002 60.853000000
1.36518 -0.209136 0.212962 -0.341897 1.75 0 3 1.39734 -0.227551 0.250002 60.954000000
1.36518 -0.209136 0.212962 -0.332215 1.75 0 3 1.40518 -0.233121 0.250001 60.954000000
1.39456 -0.231571 0.198305 -0.430177 1.75 0 3 1.42708 -0.246513 0.250001 61.352000000
1.41128 -0.245407 0.208794 -0.42685 1.75 0 3 1.43051 -0.248872 0.250001 61.454000000
1.41834 -0.252485 0.210328 -0.417503 1.75 0 3 1.4352 -0.253029 0.250002 61.550000000
1.42013 -0.249907 0.216933 -0.459459 1.75 0 3 1.44252 -0.258087 0.25 61.653000000
1.43315 -0.263419 0.210887 -0.463836 1.75 0 3 1.44967 -0.2631 0.25 61.752000000
1.42503 -0.246332 0.223514 -0.531174 1.75 0 3 1.45762 -0.269752 0.250001 61.851000000
1.43649 -0.262375 0.210381 -0.533215 1.75 0 3 1.46684 -0.275973 0.249995 61.953000000
1.46662 -0.288753 0.21631 -0.475768 1.75 0 3 1.47626 -0.28139 0.249999 62.055000000
1.46137 -0.274532 0.237465 -0.53132 1.75 0 3 1.48535 -0.286486 0.249999 62.153000000
1.47663 -0.29862 0.182158 -0.483458 1.75 0 3 1.49472 -0.291738 0.25 62.255000000
1.47863 -0.287932 0.218592 -0.536833 1.75 0 3 1.50437 -0.297146 0.25 62.356000000
1.50127 -0.307096 0.215695 -0.475936 1.75 0 3 1.51328 -0.302137 0.25 62.454000000
1.49071 -0.298065 0.201317 -0.541825 1.75 0 3 1.52219 -0.307129 0.25 62.551000000
1.52083 -0.317129 0.21266 -0.484827 1.75 0 3 1.53194 -0.31259 0.249999 62.655000000
1.51347 -0.311761 0.204477 -0.540557 1.75 0 3 1.54149 -0.317945 0.25 62.758000000
1.51839 -0.311973 0.21627 -0.548266 1.75 0 3 1.55001 -0.323235 0.249994 62.854000000
1.54754 -0.332148 0.210105 -0.493638 1.75 0 3 1.55828 -0.329307 0.250001 62.952000000
1.54281 -0.329088 0.211843 -0.531508 1.75 0 3 1.56675 -0.334921 0.249997 63.057000000
1.54068 -0.328976 0.209149 -0.583988 1.75 0 3 1.57621 -0.341268 0.249998 63.153000000
1.55458 -0.335658 0.224267 -0.612208 1.75 0 3 1.58694 -0.347569 0.250001 63.253000000
1.56399 -0.342685 0.214454 -0.617271 1.75 0 3 1.59555 -0.351523 0.249994 63.356000000
1.59267 -0.360215 0.204736 -0.611528 1.75 0 3 1.60271 -0.359501 0.249998 63.451000000
1.59267 -0.360215 0.204736 -0.653125 1.75 0 3 1.6113 -0.368406 0.25 63.451000000
1.59617 -0.369929 0.217604 -0.716026 1.75 0 3 1.62035 -0.377431 0.249999 63.654000000
1.60318 -0.375645 0.224401 -0.733567 1.75 0 3 1.62849 -0.384963 0.250002 63.755000000
1.61551 -0.386856 0.215702 -0.755657 1.75 0 3 1.63482 -0.390128 0.250002 63.853000000
1.61164 -0.386784 0.222399 -0.792034 1.75 0 3 1.64157 -0.396831 0.25 63.951000000
1.62718 -0.395697 0.227329 -0.807315 1.75 0 3 1.64801 -0.405258 0.25 64.050000000
1.62194 -0.400822 0.233764 -0.879672 1.75 0 3 1.65461 -0.414711 0.25 64.155000000
1.63474 -0.410114 0.227526 -0.874306 1.75 0 3 1.66053 -0.424638 0.250001 64.264000000
1.64873 -0.422832 0.214606 -0.878274 1.75 0 3 1.66528 -0.432974 0.250001 64.353000000
1.6509 -0.43316 0.22934 -0.920505 1.75 0 3 1.67062 -0.441746 0.250001 64.455000000
1.67502 -0.446619 0.203505 -0.873638 1.75 0 3 1.67711 -0.450272 0.249999 64.556000000
1.67301 -0.451619 0.224384 -0.90262 1.75 0 3 1.6834 -0.458321 0.249999 64.653000000
1.69051 -0.462815 0.225528 -0.881627 1.75 0 3 1.69001 -0.466789 0.25 64.754000000
1.69454 -0.472511 0.227151 -0.890686 1.75 0 3 1.69675 -0.475426 0.249999 64.856000000
1.69548 -0.476364 0.231701 -0.898985 1.75 0 3 1.7033 -0.483818 0.249993 64.955000000
1.67867 -0.479458 0.225677 -0.940445 1.75 0 3 1.7096 -0.491885 0.249999 65.052000000
1.7122 -0.494056 0.222807 -0.890706 1.75 0 3 1.71581 -0.49985 0.25 65.148000000
1.7228 -0.505959 0.213952 -0.884738 1.75 0 3 1.72295 -0.508992 0.249999 65.256000000
1.73039 -0.51028 0.219598 -0.878307 1.75 0 3 1.72917 -0.516961 0.25 65.352000000
1.7365 -0.521125 0.218268 -0.881939 1.75 0 3 1.73592 -0.525602 0.25 65.455000000
1.74412 -0.529837 0.224121 -0.884885 1.75 0 3 1.74234 -0.533823 0.25 65.552000000
1.75529 -0.537849 0.224493 -0.876693 1.75 0 3 1.74877 -0.542659 0.250001 65.655000000
1.74721 -0.544948 0.222128 -0.903535 1.75 0 3 1.75345 -0.551529 0.250001 65.753000000
1.7578 -0.557496 0.215831 -0.909317 1.75 0 3 1.75789 -0.560993 0.250001 65.856000000
1.76507 -0.568478 0.215854 -0.927736 1.75 0 3 1.7619 -0.570534 0.249999 65.951000000
1.7463 -0.575325 0.211829 -0.981242 1.75 0 3 1.76523 -0.579638 0.250001 66.052000000
1.74696 -0.585313 0.21861 -1.02535 1.75 0 3 1.76925 -0.588999 0.249996 66.154000000
1.74696 -0.585313 0.21861 -1.07782 1.75 0 3 1.77203 -0.599495 0.249998 66.154000000
1.77955 -0.619821 0.198789 -1.0703 1.75 0 3 1.77714 -0.61815 0.249993 66.453000000
1.74761 -0.626336 0.198612 -1.13444 1.75 0 3 1.78102 -0.628066 0.249998 66.555000000
1.78294 -0.636718 0.202163 -1.09541 1.75 0 3 1.78539 -0.637068 0.249999 66.649000000
1.76977 -0.645605 0.216509 -1.12673 1.75 0 3 1.79006 -0.647348 0.249998 66.754000000
1.78954 -0.654983 0.219266 -1.10818 1.75 0 3 1.79319 -0.656681 0.249994 66.848000000
1.77305 -0.67148 0.2026 -1.15175 1.75 0 3 1.7958 -0.666899 0.250001 66.954000000
1.78517 -0.679213 0.195774 -1.1469 1.75 0 3 1.79722 -0.677631 0.249999 67.053000000
1.7672 -0.691992 0.198787 -1.20394 1.75 0 3 1.79824 -0.687886 0.25 67.154000000
1.76249 -0.696491 0.206618 -1.2291 1.75 0 3 1.79839 -0.696773 0.25 67.250000000
1.7588 -0.710881 0.193472 -1.27351 1.75 0 3 1.79787 -0.707678 0.250001 67.354000000
1.75371 -0.723282 0.188714 -1.31034 1.75 0 3 1.79728 -0.716904 0.249996 67.454000000
1.79355 -0.73409 0.187361 -1.28606 1.75 0 3 1.79763 -0.726255 0.249997 67.551000000
1.77405 -0.741469 0.183664 -1.32329 1.75 0 3 1.79987 -0.737518 0.249994 67.654000000
1.82928 -0.766149 0.19609 -1.27304 1.75 0 3 1.80778 -0.767811 0.25 67.948000000
1.79568 -0.78393 0.190835 -1.3213 1.75 0 3 1.81062 -0.778283 0.25 68.051000000
1.81374 -0.795091 0.192946 -1.30272 1.75 0 3 1.81344 -0.788654 0.249999 68.152000000
1.8262 -0.804683 0.193367 -1.2906 1.75 0 3 1.81637 -0.799439 0.25 68.257000000
1.79409 -0.812904 0.194333 -1.33288 1.75 0 3 1.81913 -0.809604 0.249999 68.355000000
1.81819 -0.826436 0.191058 -1.30785 1.75 0 3 1.82203 -0.820281 0.249999 68.456000000
1.82791 -0.835701 0.190036 -1.29939 1.75 0 3 1.82476 -0.830342 0.249999 68.557000000
1.85109 -0.845847 0.177018 -1.27482 1.75 0 3 1.82752 -0.840506 0.25 68.655000000
1.8254 -0.861642 0.178604 -1.30925 1.75 0 3 1.83028 -0.850671 0.25 68.755000000
1.82161 -0.8746 0.179677 -1.31724 1.75 0 3 1.83304 -0.860836 0.25 68.854000000
1.85426 -0.874487 0.187005 -1.28153 1.75 0 3 1.83579 -0.871 0.25 68.953000000
1.83318 -0.896561 0.168151 -1.31037 1.75 0 3 1.83855 -0.881165 0.249999 69.052000000
1.80732 -0.8996 0.18188 -1.34047 1.75 0 3 1.84134 -0.891432 0.25 69.152000000
1.83243 -0.913645 0.176299 -1.3166 1.75 0 3 1.8441 -0.901597 0.25 69.252000000
1.85224 -0.923339 0.181923 -1.29889 1.75 0 3 1.84705 -0.912481 0.249999 69.357000000
1.86893 -0.926268 0.18623 -1.2825 1.75 0 3 1.84967 -0.922132 0.249999 69.451000000
1.8335 -0.942257 0.188574 -1.32433 1.75 0 3 1.85246 -0.932399 0.25 69.552000000
1.86284 -0.946764 0.186678 -1.29513 1.75 0 3 1.85477 -0.942541 0.250001 69.649000000
1.8494 -0.972323 0.175116 -1.31999 1.75 0 3 1.85609 -0.953048 0.250004 69.755000000
1.84328 -0.981334 0.170801 -1.33435 1.75 0 3 1.85583 -0.96247 0.250002 69.849000000
1.82445 -0.989513 0.191236 -1.37316 1.75 0 3 1.85458 -0.972436 0.250002 69.955000000
1.84098 -0.992838 0.193123 -1.37111 1.75 0 3 1.8533 -0.983898 0.249999 70.052000000
1.84098 -0.992838 0.193123 -1.44053 1.75 0 3 1.85048 -0.99469 0.250002 70.052000000
1.82378 -1.02409 0.169833 -1.43652 1.75 0 3 1.84855 -1.01045 0.250002 70.257000000
1.79531 -1.00219 0.267942 -1.49708 1.75 0 3 1.84754 -1.02628 0.250002 70.354000000
1.82222 -1.02094 0.27404 -1.48955 1.75 0 3 1.84643 -1.0423 0.250003 70.449000000
1.86897 -1.0977 0.22116 -1.59891 1.75 -1.75 3 1.83594 -1.12639 0.250003 70.949000000
1.83826 -1.11988 0.229722 -1.58509 1.75 -1.75 3 1.83324 -1.13529 0.250002 71.054000000
1.85073 -1.12692 0.231191 -1.61409 1.75 -1.75 3 1.82857 -1.14422 0.250002 71.153000000
1.83414 -1.13704 0.232776 -1.63752 1.75 -1.75 3 1.82371 -1.15236 0.250002 71.253000000
1.85455 -1.1417 0.221988 -1.69563 1.75 -1.75 3 1.81853 -1.16072 0.250003 71.356000000
1.82893 -1.15133 0.229284 -1.69919 1.75 -1.75 3 1.81305 -1.16734 0.250002 71.457000000
1.83677 -1.15945 0.224944 -1.76144 1.75 -1.75 3 1.80874 -1.17322 0.250003 71.554000000
1.80326 -1.15811 0.220524 -1.72762 1.75 -1.75 3 1.80633 -1.17605 0.250004 71.651000000
1.82019 -1.16265 0.222337 -1.76483 1.75 -1.75 3 1.80327 -1.17964 0.250004 71.753000000
1.80912 -1.17388 0.24112 -1.78927 1.75 -1.75 3 1.79895 -1.18523 0.249997 71.856000000
1.81944 -1.17797 0.235717 -1.83112 1.75 -1.75 3 1.79671 -1.18805 0.249997 71.955000000
1.80343 -1.18011 0.237008 -1.82561 1.75 -1.75 3 1.79402 -1.19171 0.250004 72.055000000
1.816 -1.18478 0.233848 -1.87221 1.75 -1.75 3 1.79172 -1.19403 0.250002 72.150000000
1.81673 -1.18431 0.228163 -1.88254 1.75 -1.75 3 1.78816 -1.19911 0.250003 72.255000000
1.78107 -1.19026 0.235746 -1.85278 1.75 -1.75 3 1.78596 -1.20318 0.250003 72.356000000
1.78715 -1.19305 0.231525 -1.88218 1.75 -1.75 3 1.78347 -1.20708 0.250002 72.457000000
1.81115 -1.19736 0.230753 -1.94043 1.75 -1.75 3 1.78059 -1.21219 0.25 72.554000000
1.81483 -1.20302 0.227218 -1.97003 1.75 -1.75 3 1.77407 -1.22444 0.250003 72.653000000
1.78576 -1.2164 0.233792 -1.9651 1.75 -1.75 3 1.77215 -1.23141 0.250002 72.754000000
1.78039 -1.21719 0.220654 -1.96616 1.75 -1.75 3 1.76918 -1.23678 0.250001 72.856000000
1.77823 -1.22966 0.241577 -1.98736 1.75 -1.75 3 1.76439 -1.24544 0.250002 72.957000000
1.77535 -1.23416 0.242625 -2.0006 1.75 -1.75 3 1.76102 -1.25259 0.250003 73.053000000
1.78346 -1.24367 0.23767 -2.04975 1.75 -1.75 3 1.75689 -1.26078 0.250002 73.155000000
1.76127 -1.25303 0.238403 -2.04372 1.75 -1.75 3 1.74964 -1.27155 0.250001 73.256000000
1.76739 -1.26359 0.232706 -2.10751 1.75 -1.75 3 1.74346 -1.28249 0.250001 73.354000000
1.76733 -1.27166 0.237698 -2.13341 1.75 -1.75 3 1.73613 -1.2938 0.250002 73.454000000
1.75979 -1.28299 0.230758 -2.1702 1.75 -1.75 3 1.73047 -1.30443 0.250001 73.556000000
1.72123 -1.30025 0.247616 -2.12779 1.75 -1.75 3 1.72811 -1.30995 0.250001 73.657000000
1.75415 -1.30091 0.237724 -2.21347 1.75 -1.75 3 1.72491 -1.31466 0.250001 73.755000000
1.72449 -1.30398 0.22792 -2.17436 1.75 -1.75 3 1.72206 -1.31837 0.250001 73.852000000
1.73451 -1.30471 0.213321 -2.22652 1.75 -1.75 3 1.71909 -1.32078 0.250001 73.948000000
1.74257 -1.30746 0.219213 -2.25989 1.75 -1.75 3 1.71282 -1.32692 0.250001 74.055000000
1.7291 -1.31612 0.230458 -2.27222 1.75 -1.75 3 1.70582 -1.33595 0.25 74.156000000
1.67977 -1.36593 0.228785 -2.43225 1.75 -1.75 3 1.6596 -1.3816 0.25 74.752000000
1.66944 -1.371 0.219963 -2.48369 1.75 -1.75 3 1.65131 -1.38714 0.249992 74.852000000
1.64844 -1.38181 0.224 -2.48912 1.75 -1.75 3 1.64309 -1.39279 0.25 74.951000000
1.644 -1.38617 0.23135 -2.50652 1.75 -1.75 3 1.63449 -1.39807 0.249994 75.054000000
1.63247 -1.39356 0.231466 -2.53851 1.75 -1.75 3 1.62605 -1.40246 0.25 75.155000000
1.62939 -1.39568 0.230782 -2.57213 1.75 -1.75 3 1.61764 -1.40617 0.250001 75.253000000
1.63422 -1.39258 0.219907 -2.6495 1.75 -1.75 3 1.60915 -1.40912 0.25 75.353000000
1.60615 -1.40148 0.211148 -2.63648 1.75 -1.75 3 1.60074 -1.41079 0.249997 75.458000000
1.60984 -1.39968 0.21946 -2.67737 1.75 -1.75 3 1.59252 -1.41195 0.250001 75.555000000
1.60081 -1.40053 0.220177 -2.70642 1.75 -1.75 3 1.58308 -1.41491 0.250002 75.656000000
1.57201 -1.41232 0.221013 -2.66931 1.75 -1.75 3 1.57336 -1.41885 0.25 75.756000000
1.56627 -1.41451 0.212378 -2.66898 1.75 -1.75 3 1.56337 -1.4236 0.249999 75.857000000
1.55454 -1.41953 0.208208 -2.67146 1.75 -1.75 3 1.55463 -1.42776 0.25 75.952000000
1.55309 -1.42418 0.234214 -2.70006 1.75 -1.75 3 1.54463 -1.43211 0.249996 76.055000000
1.5483 -1.42367 0.22288 -2.70574 1.75 -1.75 3 1.53505 -1.43509 0.250001 76.154000000
1.54703 -1.41905 0.214613 -2.75241 1.75 -1.75 3 1.52502 -1.43743 0.250001 76.259000000
1.53307 -1.42203 0.20964 -2.76811 1.75 -1.75 3 1.51573 -1.43874 0.249997 76.352000000
1.5187 -1.42954 0.218298 -2.75743 1.75 -1.75 3 1.50523 -1.43907 0.250001 76.454000000
1.51458 -1.42335 0.210986 -2.81304 1.75 -1.75 3 1.49471 -1.43882 0.25 76.554000000
1.49637 -1.42282 0.190136 -2.83756 1.75 -1.75 3 1.48406 -1.43925 0.249998 76.656000000
1.48243 -1.43439 0.214951 -2.82286 1.75 -1.75 3 1.47194 -1.44119 0.25 76.759000000
1.47426 -1.42839 0.195594 -2.85231 1.75 -1.75 3 1.46162 -1.44376 0.249995 76.853000000
1.46442 -1.43149 0.209251 -2.86753 1.75 -1.75 3 1.45179 -1.44655 0.250001 76.949000000
1.45686 -1.43281 0.216014 -2.87524 1.75 -1.75 3 1.44057 -1.44988 0.25 77.056000000
1.43385 -1.44806 0.217043 -2.84006 1.75 -1.75 3 1.43016 -1.45297 0.25 77.160000000
1.42612 -1.45005 0.211028 -2.83703 1.75 -1.75 3 1.42087 -1.45573 0.249998 77.251000000
1.4325 -1.43827 0.209204 -2.87811 1.75 -1.75 3 1.41027 -1.45888 0.25 77.354000000
1.40611 -1.45152 0.202914 -2.85026 1.75 -1.75 3 1.39987 -1.46107 0.249993 77.455000000
1.40432 -1.45056 0.223575 -2.87093 1.75 -1.75 3 1.39021 -1.46181 0.250002 77.553000000
1.38271 -1.45517 0.192915 -2.8647 1.75 -1.75 3 1.37896 -1.46259 0.249997 77.653000000
1.374 -1.45418 0.205663 -2.89959 1.75 -1.75 3 1.36987 -1.46134 0.25 77.752000000
1.3845 -1.43367 0.208179 -2.97018 1.75 -1.75 3 1.36161 -1.45866 0.249998 77.851000000
1.36969 -1.43598 0.208181 -2.99325 1.75 -1.75 3 1.35262 -1.45677 0.250001 77.959000000
1.34917 -1.44769 0.207201 -2.98406 1.75 -1.75 3 1.34341 -1.45708 0.25 78.053000000
1.35219 -1.43829 0.214109 -3.01533 1.75 -1.75 3 1.33284 -1.45815 0.249999 78.153000000
1.33731 -1.44075 0.211455 -3.01414 1.75 -1.75 3 1.32264 -1.45972 0.25 78.250000000
1.32063 -1.45107 0.220727 -2.99863 1.75 -1.75 3 1.31192 -1.46137 0.25 78.353000000
1.314 -1.44994 0.216347 -3.00111 1.75 -1.75 3 1.30098 -1.46305 0.25 78.456000000
1.28731 -1.47113 0.215038 -2.95872 1.75 -1.75 3 1.2911 -1.46457 0.249999 78.550000000
1.28027 -1.46981 0.208126 -2.96036 1.75 -1.75 3 1.28122 -1.4661 0.249999 78.645000000
1.27421 -1.46413 0.216951 -2.98035 1.75 -1.75 3 1.27007 -1.46781 0.25 78.750000000
1.25775 -1.47395 0.218485 -2.96536 1.75 -1.75 3 1.25882 -1.46954 0.249999 78.857000000
1.25075 -1.47393 0.21658 -2.96666 1.75 -1.75 3 1.2482 -1.47118 0.249999 78.958000000
1.24471 -1.46525 0.216161 -2.98914 1.75 -1.75 3 1.23747 -1.47283 0.249999 79.061000000
1.23556 -1.46124 0.219094 -3.00092 1.75 -1.75 3 1.22808 -1.47415 0.250002 79.150000000
1.22863 -1.45913 0.208368 -3.00453 1.75 -1.75 3 1.21845 -1.47443 0.249999 79.251000000
1.21002 -1.46408 0.193924 -3.00128 1.75 -1.75 3 1.20909 -1.47337 0.250001 79.356000000
1.19917 -1.46014 0.19188 -3.02521 1.75 -1.75 3 1.19956 -1.47157 0.249997 79.456000000
1.20874 -1.43894 0.206169 -3.07895 1.75 -1.75 3 1.19014 -1.46814 0.250002 79.557000000
1.19938 -1.4353 0.215521 -3.11546 1.75 -1.75 3 1.18228 -1.46482 0.249998 79.655000000
1.19138 -1.43734 0.225355 -3.13622 1.75 -1.75 3 1.17881 -1.46279 0.250001 79.754000000
1.1849 -1.43569 0.210666 -3.14172 1.75 -1.75 3 1.17615 -1.46146 0.250001 79.862000000
1.17037 -1.46189 0.220563 -3.10696 1.75 -1.75 3 1.1734 -1.46134 0.25 79.955000000
1.17957 -1.45262 0.248198 -3.13059 1.75 -1.75 3 1.17109 -1.46051 0.250003 80.056000000
1.18037 -1.44344 0.234094 -3.14327 1.75 -1.75 3 1.1667 -1.45993 0.25 80.154000000
1.17786 -1.45406 0.270511 -3.14324 1.75 -1.75 3 1.16016 -1.4596 0.249999 80.256000000
1.16998 -1.4385 0.23907 -3.16289 1.75 -1.75 3 1.15212 -1.45924 0.25 80.350000000
1.15945 -1.45493 0.254105 -3.14159 1.75 -1.75 3 1.14125 -1.45899 0.25 80.455000000
1.13286 -1.47635 0.249263 -3.10619 1.75 -1.75 3 1.13051 -1.45904 0.25 80.555000000
1.13428 -1.46181 0.253417 -3.1307 1.75 -1.75 3 1.11987 -1.4591 0.25 80.655000000
1.13044 -1.44978 0.264083 -3.15291 1.75 -1.75 3 1.10934 -1.45915 0.249999 80.754000000
1.10863 -1.46651 0.260398 -3.12546 1.75 -1.75 3 1.0987 -1.4592 0.249999 80.855000000
1.09796 -1.47031 0.252168 -3.11827 1.75 -1.75 3 1.08775 -1.45925 0.249999 80.957000000
1.09756 -1.45779 0.25189 -3.13743 1.75 -1.75 3 1.07761 -1.45911 0.250002 81.049000000
1.09108 -1.44317 0.274677 3.11347 1.75 -1.75 3 1.06695 -1.45774 0.250001 81.154000000
1.07247 -1.46213 0.260313 3.14236 1.75 -1.75 3 1.05475 -1.45431 0.250002 81.257000000
1.06085 -1.45402 0.263374 3.11063 1.75 -1.75 3 1.04787 -1.45187 0.250001 81.346000000
1.05181 -1.44364 0.255624 3.08044 1.75 -1.75 3 1.03795 -1.44743 0.249998 81.456000000
1.05839 -1.41797 0.256819 3.03224 1.75 -1.75 3 1.03059 -1.4437 0.250003 81.554000000
1.03844 -1.43933 0.259517 3.04154 1.75 -1.75 3 1.02386 -1.44122 0.250002 81.650000000
1.03078 -1.43615 0.265115 3.02454 1.75 -1.75 3 1.01329 -1.43907 0.25 81.753000000
1.01629 -1.44817 0.256764 3.0409 1.75 -1.75 3 1.00117 -1.43561 0.249994 81.856000000
1.00806 -1.42947 0.255964 3.00457 1.75 -1.75 3 0.990238 -1.4339 0.249999 81.953000000
0.997435 -1.42009 0.253605 2.99408 1.75 -1.75 3 0.979587 -1.43251 0.25 82.055000000
0.9909 -1.42424 0.259295 2.99978 1.75 -1.75 3 0.96883 -1.4311 0.25 82.156000000
0.968128 -1.44387 0.255453 3.02793 1.75 -1.75 3 0.958705 -1.42978 0.25 82.252000000
0.957487 -1.43702 0.254618 3.0216 1.75 -1.75 3 0.947736 -1.42835 0.25 82.356000000
0.94559 -1.45662 0.261385 3.04576 1.75 -1.75 3 0.937189 -1.42697 0.25 82.456000000
0.946433 -1.41859 0.258816 3.00062 1.75 -1.75 3 0.926324 -1.42556 0.249999 82.555000000
0.926077 -1.44852 0.25289 3.03967 1.75 -1.75 3 0.91619 -1.42423 0.249999 82.655000000
0.937564 -1.4041 0.25271 2.9865 1.75 -1.75 3 0.905432 -1.42283 0.249999 82.757000000
0.913372 -1.41815 0.257054 3.00567 1.75 -1.75 3 0.895517 -1.42154 0.249999 82.851000000
0.910287 -1.39206 0.255386 2.97736 1.75 -1.75 3 0.884653 -1.42012 0.25 82.954000000
0.887826 -1.43849 0.261603 3.03166 1.75 -1.75 3 0.874316 -1.41877 0.25 83.052000000
0.871474 -1.43543 0.257143 3.03104 1.75 -1.75 3 0.86324 -1.41732 0.249999 83.157000000
0.870245 -1.40403 0.252733 2.99747 1.75 -1.75 3 0.852692 -1.41595 0.249999 83.257000000
0.868974 -1.39257 0.252424 2.98496 1.75 -1.75 3 0.842653 -1.41463 0.25 83.352000000
0.838338 -1.43756 0.251318 3.03737 1.75 -1.75 3 0.831683 -1.4132 0.25 83.455000000
0.831212 -1.42782 0.257311 3.02728 1.75 -1.75 3 0.821449 -1.41187 0.249999 83.553000000
0.85814 -1.39578 0.317419 2.98037 1.75 -1.75 3 0.810585 -1.41045 0.25 83.656000000
0.818642 -1.40581 0.239892 3.00829 1.75 -1.75 3 0.800351 -1.40911 0.249999 83.752000000
0.794693 -1.43951 0.238507 3.0458 1.75 -1.75 3 0.789802 -1.40774 0.249999 83.851000000
0.789274 -1.42038 0.241953 3.02635 1.75 -1.75 3 0.779147 -1.40634 0.249999 83.954000000
0.793571 -1.38552 0.237492 2.99159 1.75 -1.75 3 0.768383 -1.40494 0.249999 84.056000000
0.779253 -1.40626 0.259827 3.00995 1.75 -1.75 3 0.757833 -1.40356 0.249999 84.156000000
0.764768 -1.43653 0.274704 3.03726 1.75 -1.75 3 0.747601 -1.40222 0.25 84.254000000
0.772202 -1.37895 0.265873 2.98341 1.75 -1.75 3 0.736841 -1.40082 0.25 84.356000000
0.756713 -1.37679 0.258135 2.9838 1.75 -1.75 3 0.726398 -1.39946 0.249999 84.454000000
0.746728 -1.39598 0.263897 3.00357 1.75 -1.75 3 0.716374 -1.39814 0.25 84.546000000
0.730605 -1.38617 0.253562 2.9979 1.75 -1.75 3 0.705614 -1.39674 0.25 84.652000000
0.719055 -1.41783 0.27143 3.02271 1.75 -1.75 3 0.695169 -1.39537 0.249999 84.751000000
0.705613 -1.39917 0.16939 2.98054 0 -1.75 3 0.65276 -1.38983 0.249999 85.152000000
0.678068 -1.37933 0.180611 3.00876 0 -1.75 3 0.64179 -1.3884 0.249999 85.256000000
0.664577 -1.36265 0.175305 3.03132 0 -1.75 3 0.631769 -1.38709 0.25 85.350000000
0.659316 -1.36653 0.177738 3.0251 0 -1.75 3 0.62099 -1.38569 0.25 85.453000000
0.648367 -1.37497 0.176715 3.00768 0 -1.75 3 0.611074 -1.38439 0.25 85.548000000
0.652094 -1.39127 0.176666 2.98088 0 -1.75 3 0.59913 -1.38211 0.250003 85.655000000
0.620699 -1.37026 0.185675 3.00345 0 -1.75 3 0.589536 -1.37937 0.250002 85.751000000
0.612111 -1.3728 0.195805 2.98854 0 -1.75 3 0.579616 -1.37603 0.249999 85.851000000
0.607167 -1.36812 0.179559 2.96303 0 -1.75 3 0.5724 -1.3716 0.250002 85.953000000
0.601575 -1.37771 0.202222 2.93756 0 -1.75 3 0.564319 -1.36599 0.250002 86.055000000
0.599679 -1.37667 0.192424 2.89918 0 -1.75 3 0.558375 -1.36251 0.250002 86.154000000
0.588328 -1.37087 0.197505 2.87279 0 -1.75 3 0.553076 -1.35862 0.250003 86.255000000
0.572057 -1.34958 0.19767 2.88912 0 -1.75 3 0.546494 -1.35431 0.249996 86.356000000
0.576623 -1.3565 0.192146 2.84127 0 -1.75 3 0.539669 -1.35044 0.249998 86.456000000
0.578656 -1.36105 0.181866 2.79259 0 -1.75 3 0.53088 -1.34561 0.250003 86.552000000
0.55592 -1.3493 0.205511 2.79745 0 -1.75 3 0.523195 -1.34064 0.250003 86.659000000
0.534178 -1.33403 0.206239 2.7434 0 -1.75 3 0.506832 -1.33108 0.250001 86.944000000
0.530672 -1.34693 0.226702 2.69485 0 -1.75 3 0.499431 -1.32627 0.250003 87.053000000
0.511052 -1.32446 0.224139 2.71317 0 -1.75 3 0.491676 -1.32238 0.250001 87.153000000
0.51832 -1.34244 0.231173 2.64542 0 -1.75 3 0.487943 -1.31924 0.250002 87.250000000
0.524069 -1.33366 0.199394 2.62118 0 -1.75 3 0.480911 -1.31428 0.250002 87.359000000
0.49163 -1.30215 0.207832 2.66273 0 -1.75 3 0.475875 -1.31132 0.250001 87.455000000
0.497696 -1.32395 0.228607 2.58986 0 -1.75 3 0.469838 -1.30771 0.249999 87.557000000
0.490959 -1.31865 0.228799 2.58794 0 -1.75 3 0.4639 -1.30279 0.249994 87.650000000
0.490439 -1.32048 0.231607 2.53786 0 -1.75 3 0.452849 -1.29433 0.249997 87.756000000
0.457413 -1.28728 0.222997 2.55089 0 -1.75 3 0.442511 -1.28721 0.249992 87.852000000
0.466211 -1.28942 0.199159 2.48409 0 -1.75 3 0.431676 -1.27905 0.250001 87.954000000
0.460467 -1.29032 0.212089 2.457 0 -1.75 3 0.420832 -1.27024 0.250001 88.059000000
0.429758 -1.26009 0.204848 2.4644 0 -1.75 3 0.411583 -1.26253 0.25 88.152000000
0.425849 -1.265 0.224077 2.40126 0 -1.75 3 0.402082 -1.25355 0.250001 88.256000000
0.413319 -1.24795 0.209488 2.405 0 -1.75 3 0.39353 -1.24568 0.249994 88.355000000
0.403158 -1.24127 0.218877 2.36648 0 -1.75 3 0.384614 -1.23801 0.250002 88.455000000
0.425795 -1.25813 0.216007 2.29452 0 -1.75 3 0.376036 -1.22958 0.250001 88.558000000
0.403799 -1.24189 0.227357 2.28098 0 -1.75 3 0.368973 -1.22212 0.249997 88.650000000
0.390642 -1.22623 0.213704 2.28599 0 -1.75 3 0.362124 -1.21309 0.250001 88.752000000
0.384348 -1.21815 0.216164 2.24442 0 -1.75 3 0.35638 -1.20449 0.250001 88.849000000
0.384348 -1.21815 0.216164 2.23164 0 -1.75 3 0.353551 -1.19628 0.249996 88.849000000
0.322951 -1.12963 0.210626 2.15736 0 -1.75 3 0.317308 -1.13437 0.250001 89.754000000
0.342488 -1.13653 0.211652 2.11406 0 -1.75 3 0.315426 -1.13083 0.249994 89.849000000
0.328021 -1.12758 0.215331 2.12734 0 -1.75 3 0.315266 -1.13044 0.249999 89.951000000
0.331776 -1.12896 0.215609 2.12138 0 -1.75 3 0.315261 -1.13044 0.25 90.053000000
0.326393 -1.12648 0.216779 2.12965 0 -1.75 3 0.315255 -1.13043 0.249999 90.154000000
0.335193 -1.13117 0.216777 2.11548 0 -1.75 3 0.315251 -1.13043 0.249999 90.253000000
0.333187 -1.13008 0.216775 2.11872 0 -1.75 3 0.312974 -1.12641 0.249999 90.351000000
0.324758 -1.12427 0.217794 2.12171 0 -1.75 3 0.310446 -1.12068 0.249996 90.454000000
0.344062 -1.12668 0.208072 2.08231 0 -1.75 3 0.307804 -1.11361 0.249996 90.551000000
0.325871 -1.10635 0.197557 2.09353 0 -1.75 3 0.304534 -1.10491 0.250003 90.650000000
0.350107 -1.10772 0.187882 2.02889 0 -1.75 3 0.300856 -1.09627 0.250001 90.757000000
0.341196 -1.09709 0.183164 2.02548 0 -1.75 3 0.298593 -1.08787 0.250002 90.856000000
0.329765 -1.0867 0.197513 2.00217 0 -1.75 3 0.296403 -1.07927 0.25 90.954000000
0.33807 -1.08533 0.193748 1.9703 0 -1.75 3 0.294866 -1.06958 0.250001 91.055000000
0.307168 -1.06454 0.207354 1.97788 0 -1.75 3 0.293793 -1.06006 0.250001 91.151000000
0.327948 -1.06365 0.199097 1.93075 0 -1.75 3 0.291557 -1.04957 0.249998 91.254000000
0.302431 -1.04017 0.190886 1.95239 0 -1.75 3 0.288364 -1.03953 0.250001 91.353000000
0.294734 -1.02863 0.20514 1.94486 0 -1.75 3 0.284576 -1.02958 0.249998 91.453000000
0.274719 -1.01314 0.19845 1.97051 0 -1.75 3 0.280839 -1.01996 0.25 91.550000000
0.2808 -1.00779 0.205986 1.95421 0 -1.75 3 0.276716 -1.00935 0.249998 91.657000000
0.269036 -0.993867 0.208481 1.96285 0 -1.75 3 0.272902 -0.999529 0.25 91.756000000
0.272561 -0.98985 0.20623 1.95504 0 -1.75 3 0.268896 -0.989213 0.25 91.860000000
0.288412 -0.985168 0.206396 1.9281 0 -1.75 3 0.265197 -0.979689 0.25 91.956000000
0.267503 -0.973809 0.209462 1.95141 0 -1.75 3 0.26173 -0.970761 0.25 92.046000000
0.297352 -0.977385 0.214797 1.90674 0 -1.75 3 0.257568 -0.960046 0.25 92.155000000
0.265225 -0.949593 0.203348 1.94352 0 -1.75 3 0.253941 -0.950701 0.25 92.248000000
0.241611 -0.934724 0.211638 1.96523 0 -1.75 3 0.249975 -0.940489 0.250001 92.351000000
0.249153 -0.927382 0.214182 1.94949 0 -1.75 3 0.245778 -0.929681 0.249999 92.459000000
0.245548 -0.920822 0.214195 1.95118 0 -1.75 3 0.242235 -0.920558 0.249999 92.552000000
0.247028 -0.912559 0.217757 1.94251 0 -1.75 3 0.238192 -0.910147 0.25 92.657000000
0.248761 -0.903821 0.221466 1.93428 0 -1.75 3 0.234457 -0.900528 0.249999 92.754000000
0.25124 -0.903658 0.219567 1.93159 0 -1.75 3 0.230529 -0.890413 0.249999 92.856000000
0.225068 -0.878032 0.209527 1.95649 0 -1.75 3 0.226755 -0.880695 0.249999 92.955000000
0.215046 -0.864656 0.208847 1.96229 0 -1.75 3 0.222905 -0.870779 0.249999 93.054000000
0.222634 -0.854932 0.193511 1.95362 0 -1.75 3 0.2189 -0.860466 0.249999 93.158000000
0.249069 -0.85537 0.204394 1.91698 0 -1.75 3 0.215163 -0.850841 0.25 93.254000000
0.252999 -0.843306 0.1984 1.9086 0 -1.75 3 0.211427 -0.841221 0.249999 93.352000000
0.247742 -0.838849 0.206708 1.91074 0 -1.75 3 0.207538 -0.831206 0.25 93.453000000
0.203315 -0.815603 0.202086 1.95419 0 -1.75 3 0.203685 -0.821282 0.25 93.553000000
0.233088 -0.806867 0.190239 1.91941 0 -1.75 3 0.199834 -0.811366 0.25 93.653000000
0.233088 -0.806867 0.190239 1.94953 0 -1.75 3 0.195826 -0.801045 0.25 93.653000000
0.233088 -0.806867 0.190239 1.95521 0 -1.75 3 0.19209 -0.791425 0.249999 93.653000000
0.233088 -0.806867 0.190239 1.94597 0 -1.75 3 0.188236 -0.781501 0.249999 93.653000000
0.235988 -0.764289 0.167451 1.90641 0 -1.75 3 0.184423 -0.771685 0.25 94.053000000
0.228272 -0.759845 0.1881 1.90675 0 -1.75 3 0.180143 -0.76067 0.25 94.161000000
0.203765 -0.745131 0.189994 1.92767 0 -1.75 3 0.176404 -0.751046 0.25 94.261000000
0.204608 -0.734557 0.181768 1.92462 0 -1.75 3 0.172936 -0.742119 0.249999 94.351000000
0.172096 -0.716606 0.17987 1.95212 0 -1.75 3 0.169045 -0.732104 0.25 94.452000000
0.151249 -0.706585 0.189426 1.96624 0 -1.75 3 0.164961 -0.721592 0.25 94.558000000
0.196207 -0.714417 0.203219 1.91903 0 -1.75 3 0.16134 -0.71227 0.25 94.652000000
0.180013 -0.698624 0.197923 1.93022 0 -1.75 3 0.157448 -0.702254 0.249999 94.753000000
0.150616 -0.684727 0.202797 1.95301 0 -1.75 3 0.153781 -0.692824 0.25 94.848000000
0.134227 -0.667307 0.18167 1.9678 0 -1.75 3 0.149693 -0.682307 0.25 94.955000000
0.145812 -0.661605 0.191599 1.95205 0 -1.75 3 0.145837 -0.672385 0.249998 95.055000000
0.166966 -0.653447 0.191816 1.92832 0 -1.75 3 0.142138 -0.662866 0.249999 95.150000000
0.120174 -0.643262 0.196052 1.96824 0 -1.75 3 0.13813 -0.652553 0.249999 95.253000000
0.165848 -0.65465 0.236644 1.91947 0 -1.75 3 0.134392 -0.642933 0.249999 95.352000000
0.162726 -0.651253 0.252385 1.91745 0 -1.75 3 0.130269 -0.632323 0.249999 95.458000000
0.133719 -0.642583 0.255181 1.94163 0 -1.75 3 0.126685 -0.623102 0.25 95.552000000
0.102791 -0.632047 0.261203 1.96437 0 -1.75 3 0.122947 -0.613483 0.25 95.648000000
0.104227 -0.632604 0.279657 1.95368 0 -1.75 3 0.118746 -0.602674 0.25 95.757000000
0.0817793 -0.63011 0.294107 1.96964 0 -1.75 3 0.115123 -0.593351 0.249999 95.852000000
0.14408 -0.608236 0.256127 1.91988 0 -1.75 3 0.111269 -0.583436 0.25 95.951000000
0.120756 -0.589466 0.252164 1.93409 0 -1.75 3 0.107376 -0.573421 0.25 96.052000000
0.0934916 -0.579626 0.248765 1.95585 0 -1.75 3 0.103444 -0.563306 0.249999 96.153000000
0.0747863 -0.569266 0.252878 1.96723 0 -1.75 3 0.0998596 -0.554084 0.249999 96.246000000
0.102628 -0.547198 0.223138 1.9448 0 -1.75 3 0.0958894 -0.543871 0.249999 96.350000000
0.0865603 -0.525151 0.194354 1.95819 0 -1.75 3 0.0919192 -0.533658 0.249999 96.454000000
0.0664822 -0.506766 0.199606 1.97171 0 -1.75 3 0.088142 -0.523942 0.25 96.551000000
0.10296 -0.519292 0.221764 1.97132 0 0 3 0.0804711 -0.504209 0.249999 96.750000000
0.0862668 -0.512429 0.234444 1.94514 0 0 3 0.0763858 -0.4937 0.25 96.857000000
0.0957787 -0.499859 0.227294 1.97181 0 0 3 0.0726847 -0.484183 0.25 96.952000000
0.0757157 -0.490572 0.228414 1.94118 0 0 3 0.0686357 -0.473768 0.25 97.057000000
0.0755618 -0.486995 0.219707 1.94525 0 0 3 0.0648955 -0.464152 0.249999 97.154000000
0.0829399 -0.46964 0.229853 1.97224 0 0 3 0.0610401 -0.454239 0.249999 97.255000000
0.0746156 -0.464405 0.208487 1.96251 0 0 3 0.0571851 -0.444325 0.249999 97.354000000
0.0718778 -0.454757 0.220216 1.96353 0 0 3 0.0534463 -0.43471 0.25 97.451000000
0.0601254 -0.443126 0.224074 1.94819 0 0 3 0.0495116 -0.424586 0.249999 97.553000000
0.0600918 -0.437932 0.220487 1.95257 0 0 3 0.0456959 -0.414772 0.25 97.653000000
0.0654216 -0.423991 0.225382 1.97618 0 0 3 0.0416484 -0.404362 0.249999 97.757000000
0.0562232 -0.407416 0.227365 1.97201 0 0 3 0.0380965 -0.395232 0.25 97.850000000
0.0363516 -0.403291 0.225397 1.92934 0 0 3 0.0338929 -0.384421 0.249999 97.958000000
0.0470393 -0.389415 0.227091 1.96772 0 0 3 0.0302315 -0.375003 0.25 98.054000000
0.0372707 -0.386158 0.221042 1.94781 0 0 3 0.0264154 -0.365188 0.249999 98.152000000
0.0337467 -0.375776 0.214286 1.9512 0 0 3 0.0224841 -0.355075 0.249999 98.255000000
0.0315667 -0.362298 0.218057 1.95969 0 0 3 0.018785 -0.345554 0.25 98.350000000
0.0296289 -0.356159 0.217122 1.96082 0 0 3 0.0147751 -0.335242 0.25 98.454000000
0.0246829 -0.342362 0.218741 1.96218 0 0 3 0.0108047 -0.325029 0.249999 98.558000000
0.00923464 -0.334659 0.226157 1.92503 0 0 3 0.00737453 -0.316206 0.25 98.645000000
0.0128918 -0.323709 0.220093 1.94887 0 0 3 0.00321171 -0.305498 0.25 98.754000000
0.00531662 -0.309752 0.230384 1.93953 0 0 3 -0.000681609 -0.295483 0.249999 98.855000000
-0.00419581 -0.306805 0.214269 1.91833 0 0 3 -0.0043834 -0.285959 0.25 98.951000000
0.00508429 -0.294439 0.219633 1.96221 0 0 3 -0.00823833 -0.276043 0.25 99.051000000
0.00127176 -0.280795 0.225198 1.96707 0 0 3 -0.0121703 -0.265929 0.25 99.153000000
-0.00365984 -0.271475 0.214052 1.96763 0 0 3 -0.0158709 -0.256411 0.25 99.250000000
-0.00916731 -0.266823 0.214938 1.95306 0 0 3 -0.0198799 -0.246099 0.25 99.353000000
-0.0188018 -0.251146 0.222877 1.93547 0 0 3 -0.0237355 -0.23618 0.249999 99.453000000
-0.0201274 -0.239497 0.222141 1.9494 0 0 3 -0.0274368 -0.22666 0.249999 99.549000000
-0.0231635 -0.234613 0.212905 1.94835 0 0 3 -0.0314076 -0.216448 0.25 99.653000000
-0.0272583 -0.223228 0.211505 1.95176 0 0 3 -0.0353789 -0.206234 0.249999 99.755000000
-0.0310543 -0.21354 0.230871 1.94429 0 0 3 -0.038964 -0.197013 0.25 99.847000000
-0.0419146 -0.202315 0.217315 1.91704 0 0 3 -0.0428982 -0.186895 0.249999 99.951000000
-0.0382922 -0.194093 0.227895 1.94712 0 0 3 -0.0467155 -0.177079 0.25 100.049000000
-0.0502007 -0.182259 0.218841 1.909 0 0 3 -0.0508029 -0.166569 0.25 100.155000000
-0.045955 -0.172892 0.223288 1.95564 0 0 3 -0.0545045 -0.15705 0.25 100.251000000
-0.0512915 -0.166189 0.21434 1.9429 0 0 3 -0.0581348 -0.14772 0.249999 100.346000000
-0.0522609 -0.153218 0.227324 1.96487 0 0 3 -0.0622235 -0.13721 0.249999 100.451000000
-0.0608199 -0.141014 0.221497 1.94271 0 0 3 -0.0661574 -0.127096 0.249999 100.553000000
-0.0661514 -0.133576 0.218436 1.91462 0 0 3 -0.0699752 -0.117281 0.25 100.652000000
-0.0678557 -0.124976 0.205108 1.94097 0 0 3 -0.0737973 -0.107462 0.249999 100.752000000
-0.0725936 -0.111737 0.209772 1.94242 0 0 3 -0.0776554 -0.0975468 0.249999 100.852000000
-0.0784689 -0.103042 0.210565 1.91019 0 0 3 -0.081513 -0.087632 0.249999 100.952000000
-0.0771452 -0.0941997 0.222016 1.96366 0 0 3 -0.0856017 -0.0771226 0.249999 101.057000000
-0.0834459 -0.0817443 0.220819 1.93368 0 0 3 -0.089539 -0.0670089 0.25 101.158000000
-0.0838102 -0.0763124 0.232558 1.95136 0 0 3 -0.0930893 -0.0578879 0.25 101.251000000
-0.0927794 -0.0576593 0.226256 1.93842 0 0 3 -0.0968322 -0.0482704 0.249999 101.348000000
-0.0961985 -0.0501073 0.223625 1.91692 0 0 3 -0.100922 -0.0377615 0.249999 101.455000000
-0.100493 -0.0410182 0.210153 1.93571 0 0 3 -0.104858 -0.0276475 0.25 101.557000000
-0.102651 -0.032206 0.224294 1.92415 0 0 3 -0.108486 -0.018329 0.249999 101.651000000
-0.104652 -0.0282862 0.219232 1.93531 0 0 3 -0.111805 -0.00980369 0.249999 101.737000000
-0.110769 -0.0055483 0.239386 1.90815 0 0 3 -0.116205 0.00149754 0.249999 101.850000000
-0.116729 -0.000523448 0.220576 1.95704 0 0 3 -0.120178 0.0117076 0.25 101.953000000
-0.118077 0.00723273 0.227603 1.947 0 0 3 -0.124037 0.0216211 0.25 102.053000000
-0.120361 0.0118539 0.235602 1.96371 0 0 3 -0.127934 0.0316346 0.249999 102.155000000
-0.126203 0.0243031 0.211348 1.94897 0 0 3 -0.132039 0.0414166 0.249999 102.254000000
-0.130718 0.0388466 0.22967 1.94901 0 0 3 -0.13713 0.0507556 0.25 102.356000000
-0.135712 0.0424625 0.205074 1.96514 0 0 3 -0.142559 0.0594178 0.250001 102.456000000
-0.142646 0.0502735 0.231712 2.01069 0 0 3 -0.147471 0.0683194 0.249997 102.553000000
-0.144135 0.071066 0.229994 1.94755 0 0 3 -0.151988 0.0781946 0.25 102.655000000
-0.149609 0.0830387 0.216086 1.94864 0 0 3 -0.155828 0.0870865 0.249998 102.746000000
-0.154006 0.082727 0.242376 1.9882 0 0 3 -0.160257 0.0973427 0.25 102.851000000
-0.159436 0.0950385 0.233035 1.98517 0 0 3 -0.164392 0.106917 0.25 102.949000000
-0.159436 0.0950385 0.233035 1.95902 0 0 3 -0.168906 0.117371 0.25 102.949000000
-0.159436 0.0950385 0.233035 1.95884 0 0 3 -0.172966 0.126766 0.25 102.949000000
-0.174406 0.126545 0.218249 1.98749 0 0 3 -0.177056 0.136239 0.249999 103.250000000
-0.180514 0.128013 0.223289 2.01284 0 0 3 -0.182141 0.145748 0.250001 103.349000000
-0.187354 0.143216 0.213805 2.01267 0 0 3 -0.187879 0.154766 0.250002 103.450000000
-0.187771 0.151492 0.221121 2.00514 0 0 3 -0.193188 0.163195 0.250001 103.553000000
-0.193333 0.16243 0.222142 2.01161 0 0 3 -0.198739 0.172562 0.250001 103.655000000
-0.20062 0.162863 0.221114 2.0421 0 0 3 -0.203376 0.182105 0.249999 103.753000000
-0.207782 0.174579 0.234817 2.04923 0 0 3 -0.208065 0.191889 0.249999 103.856000000
-0.210803 0.180774 0.231224 2.04897 0 0 3 -0.212339 0.200809 0.25 103.950000000
-0.215332 0.192498 0.239091 2.04549 0 0 3 -0.217395 0.211361 0.25 104.059000000
-0.22054 0.205942 0.223678 2.03627 0 0 3 -0.221762 0.220475 0.249999 104.155000000
-0.219509 0.224533 0.225807 2.00601 0 0 3 -0.22622 0.229779 0.25 104.252000000
-0.226538 0.227256 0.215208 2.02018 0 0 3 -0.231073 0.239907 0.249998 104.356000000
-0.226328 0.24407 0.221486 1.99803 0 0 3 -0.235515 0.249169 0.249999 104.452000000
-0.236195 0.251747 0.220453 2.01603 0 0 3 -0.240074 0.258689 0.25 104.552000000
-0.248271 0.250678 0.211412 2.049 0 0 3 -0.244993 0.268955 0.249999 104.657000000
-0.240639 0.263082 0.232024 2.01524 0 0 3 -0.249222 0.277781 0.249999 104.751000000
-0.254445 0.267866 0.229938 2.04443 0 0 3 -0.253957 0.287662 0.25 104.853000000
-0.265236 0.282277 0.222412 2.05022 0 0 3 -0.258461 0.297064 0.25 104.951000000
-0.251032 0.301553 0.227412 1.99553 0 0 3 -0.263288 0.307139 0.249999 105.055000000
-0.259799 0.30264 0.217663 2.01467 0 0 3 -0.267747 0.316445 0.25 105.153000000
-0.270939 0.307264 0.231878 2.03718 0 0 3 -0.272347 0.326045 0.25 105.253000000
-0.277758 0.320205 0.220589 2.03621 0 0 3 -0.276898 0.335545 0.249999 105.351000000
-0.28556 0.324224 0.206606 2.04587 0 0 3 -0.28154 0.345235 0.25 105.453000000
-0.27746 0.352783 0.22177 2.0007 0 0 3 -0.285956 0.354452 0.25 105.550000000
-0.293522 0.350094 0.211317 2.03588 0 0 3 -0.290829 0.364622 0.25 105.655000000
-0.30051 0.353605 0.240118 2.04998 0 0 3 -0.295291 0.373931 0.250001 105.752000000
-0.28854 0.3742 0.233241 2.0059 0 0 3 -0.299844 0.383432 0.249999 105.852000000
-0.299789 0.387822 0.203261 2.01083 0 0 3 -0.304443 0.393027 0.249999 105.950000000
-0.300445 0.384676 0.250197 2.02189 0 0 3 -0.309179 0.40291 0.25 106.055000000
-0.308712 0.399229 0.225453 2.02145 0 0 3 -0.313639 0.412217 0.249999 106.151000000
-0.316319 0.408496 0.228536 2.02619 0 0 3 -0.318421 0.422195 0.249999 106.254000000
-0.308322 0.426288 0.216181 1.99609 0 0 3 -0.322927 0.431598 0.249999 106.353000000
-0.322219 0.433759 0.232132 2.01611 0 0 3 -0.327347 0.440826 0.249999 106.450000000
-0.320995 0.442352 0.239489 2.00788 0 0 3 -0.332129 0.450804 0.249999 106.553000000
-0.339835 0.451226 0.208578 2.0284 0 0 3 -0.33668 0.460302 0.25 106.652000000
-0.349009 0.447773 0.222045 2.04673 0 0 3 -0.341377 0.470114 0.249999 106.754000000
-0.335141 0.480382 0.195873 1.99747 0 0 3 -0.345976 0.479708 0.249999 106.854000000
-0.348878 0.473702 0.213802 2.02511 0 0 3 -0.350437 0.489014 0.25 106.952000000
-0.363695 0.483397 0.231373 2.0432 0 0 3 -0.355219 0.498991 0.25 107.055000000
-0.339637 0.506336 0.236693 1.99045 0 0 3 -0.359495 0.507914 0.25 107.147000000
-0.354096 0.511421 0.239521 2.00887 0 0 3 -0.364692 0.518755 0.249999 107.261000000
-0.355205 0.531039 0.222379 1.9967 0 0 3 -0.368693 0.527102 0.249999 107.349000000
-0.355205 0.531039 0.222379 2.0242 0 0 3 -0.378166 0.546866 0.249999 107.349000000
-0.388043 0.545174 0.21661 2.03007 0 0 3 -0.382672 0.556267 0.25 107.652000000
-0.389942 0.557361 0.220887 2.02448 0 0 3 -0.387456 0.566245 0.249999 107.756000000
-0.374054 0.583141 0.206544 1.98697 0 0 3 -0.391962 0.575645 0.25 107.853000000
-0.400133 0.580807 0.199371 2.02204 0 0 3 -0.396702 0.585534 0.25 107.957000000
-0.404 0.589868 0.210002 2.02226 0 0 3 -0.401258 0.595028 0.249999 108.056000000
-0.399187 0.614897 0.19043 1.99986 0 0 3 -0.405812 0.604521 0.25 108.155000000
-0.39114 0.625711 0.196977 1.98426 0 0 3 -0.410366 0.614017 0.249999 108.253000000
-0.40804 0.624908 0.213063 2.00695 0 0 3 -0.414964 0.623609 0.249999 108.353000000
-0.398746 0.646054 0.213496 1.9836 0 0 3 -0.419567 0.633202 0.249999 108.455000000
-0.442736 0.626348 0.21123 2.04746 0 0 3 -0.424443 0.643367 0.249999 108.561000000
-0.436605 0.650221 0.199323 2.02497 0 0 3 -0.428767 0.652382 0.249999 108.655000000
-0.448182 0.654031 0.209596 2.0368 0 0 3 -0.433368 0.661976 0.249999 108.755000000
-0.45661 0.656027 0.208715 2.04495 0 0 3 -0.437876 0.671374 0.249999 108.852000000
-0.463662 0.66575 0.212124 2.04817 0 0 3 -0.442476 0.680964 0.249999 108.953000000
-0.43299 0.700562 0.215255 1.9951 0 0 3 -0.447212 0.690844 0.25 109.056000000
-0.43299 0.700562 0.215255 2.01431 0 0 3 -0.451861 0.700533 0.25 109.056000000
-0.471941 0.719329 0.218437 2.02766 0 0 3 -0.465477 0.728919 0.25 109.453000000
-0.490559 0.715007 0.233061 2.05048 0 0 3 -0.470123 0.738608 0.249999 109.553000000
-0.454189 0.750814 0.22235 1.99391 0 0 3 -0.47486 0.748486 0.25 109.656000000
-0.468277 0.760992 0.212715 2.00352 0 0 3 -0.479094 0.757318 0.249998 109.748000000
-0.505727 0.752776 0.211636 2.04467 0 0 3 -0.48388 0.767295 0.25 109.852000000
-0.487276 0.786422 0.195455 2.00864 0 0 3 -0.488162 0.776221 0.25 109.946000000
-0.517142 0.771655 0.202172 2.04588 0 0 3 -0.493183 0.78669 0.25 110.055000000
-0.526404 0.80446 0.151332 2.03529 0 0 3 -0.497745 0.7962 0.25 110.153000000
-0.506775 0.809972 0.18297 2.01631 0 0 3 -0.502306 0.80571 0.25 110.252000000
-0.50752 0.840033 0.15113 2.00215 0 0 3 -0.507005 0.815511 0.25 110.354000000
-0.550282 0.822077 0.164319 2.04918 0 0 3 -0.511337 0.824541 0.25 110.448000000
-0.550282 0.822077 0.164319 1.99164 0 0 3 -0.516129 0.834533 0.25 110.448000000
-0.550518 0.834412 0.193913 2.04353 0 0 3 -0.520737 0.84414 0.25 110.652000000
-0.550518 0.834412 0.193913 2.03327 0 1.75 3 -0.529901 0.863247 0.249999 110.652000000
-0.550518 0.834412 0.193913 2.05151 0 1.75 3 -0.535003 0.872409 0.249996 110.652000000
-0.565927 0.836259 0.164 2.01084 0 1.75 3 -0.541331 0.882075 0.250001 111.058000000
-0.551978 0.850698 0.194604 2.03065 0 1.75 3 -0.546241 0.890267 0.249992 111.152000000
-0.564777 0.87386 0.206978 2.03371 0 1.75 3 -0.552483 0.899307 0.250001 111.255000000
-0.581685 0.879372 0.188091 2.0409 0 1.75 3 -0.557848 0.90841 0.25 111.352000000
-0.559955 0.883806 0.208076 2.07045 0 1.75 3 -0.563269 0.918549 0.25 111.461000000
-0.590979 0.905583 0.20298 2.03905 0 1.75 3 -0.567884 0.927183 0.25 111.553000000
-0.597545 0.923055 0.211498 2.03559 0 1.75 3 -0.5729 0.936567 0.25 111.653000000
-0.596083 0.921694 0.204095 2.04264 0 1.75 3 -0.577967 0.946046 0.249999 111.753000000
-0.556726 0.912552 0.221957 2.09287 0 1.75 3 -0.583036 0.955526 0.249999 111.854000000
-0.620174 0.952997 0.201731 2.02774 0 1.75 3 -0.588003 0.964816 0.25 111.954000000
-0.617372 0.960245 0.206676 2.03801 0 1.75 3 -0.59307 0.974295 0.249999 112.054000000
-0.622337 0.967973 0.20602 2.03516 0 1.75 3 -0.598136 0.983771 0.25 112.155000000
-0.60835 0.96742 0.212105 2.05903 0 1.75 3 -0.602805 0.992501 0.249999 112.248000000
-0.609077 0.950489 0.179067 2.07208 0 1.75 3 -0.608173 1.00254 0.25 112.355000000
-0.594203 0.961313 0.205396 2.0907 0 1.75 3 -0.61324 1.01202 0.249999 112.457000000
-0.647206 1.00419 0.194354 2.03385 0 1.75 3 -0.617958 1.02084 0.25 112.549000000
-0.623339 0.98585 0.192311 2.06971 0 1.75 3 -0.622826 1.02994 0.249999 112.648000000
-0.657917 1.02681 0.197795 2.03176 0 1.75 3 -0.628746 1.04101 0.249999 112.765000000
-0.640984 1.02234 0.208515 2.05433 0 1.75 3 -0.63311 1.04917 0.25 112.852000000
-0.634967 1.03259 0.222763 2.06559 0 1.75 3 -0.638742 1.05832 0.250001 112.952000000
-0.645352 1.03652 0.206983 2.07301 0 1.75 3 -0.645336 1.06731 0.249993 113.055000000
-0.659505 1.05611 0.211117 2.07977 0 1.75 3 -0.652289 1.07567 0.25 113.154000000
-0.668283 1.05727 0.198861 2.08833 0 1.75 3 -0.658745 1.08397 0.25 113.253000000
-0.647687 1.04509 0.205489 2.13972 0 1.75 3 -0.664787 1.09312 0.25 113.354000000
-0.67948 1.06481 0.183512 2.11555 0 1.75 3 -0.670207 1.10216 0.25 113.453000000
-0.690762 1.10117 0.217409 2.08935 0 1.75 3 -0.67579 1.11147 0.25 113.556000000
-0.707308 1.10727 0.197027 2.07845 0 1.75 3 -0.681262 1.12059 0.25 113.656000000
-0.696453 1.10172 0.199576 2.10619 0 1.75 3 -0.686679 1.12962 0.249999 113.754000000
-0.68426 1.0958 0.203792 2.13286 0 1.75 3 -0.692204 1.13884 0.25 113.855000000
-0.695824 1.10666 0.195784 2.12864 0 1.75 3 -0.697678 1.14796 0.25 113.955000000
-0.71403 1.13619 0.206236 2.10094 0 1.75 3 -0.702987 1.15681 0.25 114.053000000
-0.696535 1.11112 0.194154 2.14574 0 1.75 3 -0.70857 1.16612 0.25 114.154000000
-0.73863 1.16714 0.200334 2.07856 0 1.75 3 -0.713989 1.17515 0.25 114.253000000
-0.73863 1.16714 0.200334 2.11263 0 1.75 3 -0.719408 1.18419 0.25 114.253000000
-0.723624 1.17938 0.229755 2.1223 0 1.75 3 -0.730532 1.20273 0.25 114.556000000
-0.73208 1.17488 0.207595 2.12496 0 1.75 3 -0.735949 1.21176 0.249999 114.654000000
-0.756254 1.20237 0.198898 2.09898 0 1.75 3 -0.741201 1.22052 0.249999 114.751000000
-0.733599 1.1929 0.224812 2.1382 0 1.75 3 -0.746464 1.22929 0.25 114.847000000
-0.740305 1.21695 0.241916 2.12127 0 1.75 3 -0.752373 1.23914 0.25 114.954000000
-0.767246 1.23535 0.214881 2.09997 0 1.75 3 -0.757801 1.24819 0.25 115.054000000
-0.777564 1.25957 0.224141 2.07963 0 1.75 3 -0.763381 1.25749 0.25 115.155000000
-0.758391 1.23201 0.225452 2.12965 0 1.75 3 -0.768642 1.26627 0.25 115.251000000
-0.768406 1.23712 0.211688 2.13221 0 1.75 3 -0.774225 1.27558 0.25 115.353000000
-0.77183 1.26039 0.235051 2.12491 0 1.75 3 -0.779814 1.2849 0.249991 115.455000000
-0.78865 1.25546 0.19501 2.12377 0 1.75 3 -0.785072 1.29366 0.25 115.551000000
-0.781431 1.26041 0.214736 2.13929 0 1.75 3 -0.790546 1.30279 0.25 115.651000000
-0.801668 1.3003 0.221277 2.09802 0 1.75 3 -0.79613 1.31209 0.25 115.753000000
-0.798661 1.28402 0.210489 2.12871 0 1.75 3 -0.80155 1.32113 0.25 115.852000000
-0.821868 1.31863 0.204328 2.09699 0 1.75 3 -0.807475 1.33101 0.25 115.961000000
-0.803267 1.30104 0.222142 2.13267 0 1.75 3 -0.812757 1.33982 0.25 116.056000000
-0.833988 1.34243 0.205685 2.08937 0 1.75 3 -0.818231 1.34894 0.25 116.155000000
-0.824571 1.33186 0.2154 2.11744 0 1.75 3 -0.823539 1.35779 0.249999 116.253000000
-0.845714 1.37364 0.214887 2.07991 0 1.75 3 -0.828639 1.36629 0.249999 116.346000000
-0.84534 1.37743 0.221058 2.08326 0 1.75 3 -0.834549 1.37614 0.249999 116.454000000
-0.850811 1.38307 0.217435 2.08718 0 1.75 3 -0.840137 1.38546 0.25 116.556000000
-0.857135 1.38749 0.210834 2.09334 0 1.75 3 -0.845537 1.39447 0.25 116.654000000
-0.858147 1.41374 0.236172 2.08585 0 1.75 3 -0.851029 1.40362 0.249999 116.755000000
-0.856013 1.38814 0.219679 2.11747 0 1.75 3 -0.856503 1.41275 0.249999 116.854000000
-0.874296 1.4294 0.22082 2.08039 0 1.75 3 -0.861868 1.42169 0.249999 116.952000000
-0.869577 1.387 0.20129 2.13845 0 1.75 3 -0.867236 1.43063 0.25 117.051000000
-0.86119 1.396 0.229623 2.14237 0 1.75 3 -0.87293 1.44012 0.25 117.154000000
-0.890041 1.46049 0.22387 2.08027 0 1.75 3 -0.877858 1.44833 0.25 117.244000000
-0.882568 1.41479 0.211219 2.14096 0 1.75 3 -0.883989 1.45855 0.25 117.354000000
-0.906543 1.44293 0.184366 2.10911 0 1.75 3 -0.889409 1.46758 0.249999 117.455000000
-0.899716 1.47693 0.230347 2.09431 0 1.75 3 -0.894829 1.47661 0.25 117.555000000
-0.900633 1.45972 0.220187 2.11735 0 1.75 3 -0.900193 1.48555 0.25 117.653000000
-0.916487 1.49665 0.215184 2.08814 0 1.75 3 -0.905621 1.4946 0.249999 117.752000000
-0.915842 1.48406 0.218269 2.11716 0 1.75 3 -0.911369 1.50418 0.25 117.856000000
-0.932701 1.49772 0.196912 2.10959 0 1.75 3 -0.916631 1.51296 0.25 117.953000000
-0.922626 1.48486 0.215758 2.13328 0 1.75 3 -0.922215 1.52226 0.25 118.054000000
-0.921636 1.48373 0.220959 2.14099 0 1.75 3 -0.92758 1.5312 0.25 118.151000000
-0.941852 1.52486 0.214104 2.11309 0 1.75 3 -0.933117 1.54043 0.249999 118.253000000
-0.944502 1.52709 0.212626 2.11698 0 1.75 3 -0.938536 1.54946 0.25 118.352000000
-0.939337 1.5259 0.229129 2.12725 0 1.75 3 -0.94424 1.55898 0.25 118.457000000
-0.960058 1.57193 0.21835 2.09493 0 1.75 3 -0.949874 1.56742 0.25 118.548000000
-0.956461 1.5654 0.227887 2.10996 0 1.75 3 -0.957127 1.57637 0.250001 118.653000000
-0.961655 1.54322 0.218677 2.15504 0 1.75 3 -0.963719 1.58427 0.249999 118.741000000
-0.969457 1.56413 0.228021 2.17531 0 1.75 3 -0.973257 1.59538 0.250001 118.853000000
-0.984325 1.59402 0.217432 2.16756 0 1.75 3 -0.982014 1.60491 0.249999 118.950000000
-0.984995 1.55235 0.217823 2.25413 0 1.75 3 -0.990606 1.61431 0.250001 119.055000000
-1.13219 1.72831 0.230986 2.31598 0 1.75 3 -1.13531 1.77981 0.249992 122.347000000
-1.14223 1.7624 0.231721 2.32178 0 1.75 3 -1.14488 1.78961 0.250001 122.454000000
-1.15678 1.76961 0.223065 2.35218 0 1.75 3 -1.15328 1.7982 0.249999 122.553000000
-1.15678 1.76961 0.223065 2.36326 0 1.75 3 -1.16252 1.80618 0.249993 122.553000000
-1.15939 1.80739 0.221067 2.41829 -1.75 1.75 3 -1.18048 1.82065 0.25 122.858000000
-1.1686 1.83322 0.224985 2.47193 -1.75 1.75 3 -1.18954 1.82544 0.25 122.953000000
-1.17649 1.82681 0.221081 2.47975 -1.75 1.75 3 -1.20005 1.83086 0.249992 123.061000000
-1.19028 1.84168 0.222817 2.51614 -1.75 1.75 3 -1.20811 1.83561 0.25 123.149000000
-1.2023 1.84945 0.224618 2.52633 -1.75 1.75 3 -1.218 1.84266 0.249999 123.260000000
-1.2014 1.841 0.210851 2.5045 -1.75 1.75 3 -1.22578 1.84842 0.25 123.354000000
-1.21586 1.84842 0.219024 2.5017 -1.75 1.75 3 -1.23424 1.85469 0.25 123.452000000
-1.21786 1.83776 0.218258 2.47453 -1.75 1.75 3 -1.24236 1.86071 0.249999 123.548000000
-1.23238 1.85205 0.222862 2.48443 -1.75 1.75 3 -1.25168 1.8671 0.249998 123.653000000
-1.24493 1.87129 0.224363 2.51499 -1.75 1.75 3 -1.26087 1.87226 0.25 123.753000000
-1.25568 1.89281 0.22143 2.5594 -1.75 1.75 3 -1.27012 1.87666 0.249994 123.849000000
-1.26419 1.86891 0.234952 2.52075 -1.75 1.75 3 -1.28054 1.88093 0.249999 123.952000000
-1.26961 1.87874 0.225723 2.55187 -1.75 1.75 3 -1.29063 1.88608 0.249994 124.055000000
-1.28063 1.88883 0.221293 2.5931 -1.75 1.75 3 -1.30063 1.89006 0.249999 124.150000000
-1.29499 1.90639 0.213512 2.65605 -1.75 1.75 3 -1.31077 1.89355 0.250001 124.253000000
-1.30201 1.90576 0.203119 2.6812 -1.75 1.75 3 -1.3219 1.89523 0.249996 124.351000000
-1.30421 1.89189 0.201062 2.6736 -1.75 1.75 3 -1.33079 1.89772 0.250001 124.455000000
-1.33537 1.92141 0.215412 2.78686 -1.75 1.75 3 -1.35112 1.89982 0.249992 124.656000000
-1.34179 1.89657 0.230593 2.75722 -1.75 1.75 3 -1.36158 1.90151 0.250001 124.756000000
-1.35019 1.90759 0.224708 2.792 -1.75 1.75 3 -1.37165 1.90349 0.250001 124.849000000
-1.36558 1.91318 0.229945 2.81646 -1.75 1.75 3 -1.38149 1.90634 0.250001 124.951000000
-1.3782 1.91741 0.228151 2.82654 -1.75 1.75 3 -1.39422 1.90945 0.250002 125.060000000
-1.38103 1.90174 0.223673 2.78537 -1.75 1.75 3 -1.40582 1.91188 0.249991 125.154000000
-1.39862 1.92515 0.21769 2.85184 -1.75 1.75 3 -1.41691 1.91185 0.250001 125.255000000
-1.41564 1.92745 0.216012 2.89542 -1.75 1.75 3 -1.42903 1.9105 0.250001 125.355000000
-1.42586 1.92991 0.217413 2.92962 -1.75 1.75 3 -1.44042 1.90855 0.25 125.458000000
-1.4427 1.92895 0.226102 2.97695 -1.75 1.75 3 -1.45281 1.90568 0.250001 125.564000000
-1.44111 1.9041 0.212334 2.94498 -1.75 1.75 3 -1.46437 1.90379 0.250002 125.654000000
-1.45973 1.91958 0.216106 3.02193 -1.75 1.75 3 -1.4774 1.90143 0.250001 125.751000000
-1.47856 1.91742 0.22285 3.06418 -1.75 1.75 3 -1.49057 1.89854 0.250001 125.852000000
-1.47839 1.90344 0.221033 3.03571 -1.75 1.75 3 -1.50382 1.89515 0.250002 125.954000000
-1.49427 1.89927 0.223978 3.07072 -1.75 1.75 3 -1.51899 1.89281 0.250001 126.056000000
-1.5104 1.89565 0.223083 3.09247 -1.75 1.75 3 -1.52672 1.88943 0.250001 126.154000000
-1.52649 1.90738 0.226907 -3.11481 -1.75 1.75 3 -1.5355 1.88417 0.250003 126.252000000
-1.53235 1.88714 0.252848 -3.13147 -1.75 1.75 3 -1.54251 1.87905 0.25 126.358000000
-1.54602 1.88913 0.248817 -3.05446 -1.75 1.75 3 -1.55083 1.87391 0.250001 126.456000000
-1.54799 1.88098 0.251516 -3.05772 -1.75 1.75 3 -1.5572 1.86977 0.250003 126.554000000
-1.555 1.8714 0.254569 -3.04302 -1.75 1.75 3 -1.56362 1.86573 0.249993 126.651000000
-1.56843 1.8771 0.247692 -2.9582 -1.75 1.75 3 -1.57337 1.86008 0.25 126.757000000
-1.57276 1.87235 0.244857 -2.94899 -1.75 1.75 3 -1.57995 1.85662 0.250002 126.853000000
-1.57458 1.85841 0.244802 -2.9776 -1.75 1.75 3 -1.58842 1.85253 0.250001 126.954000000
-1.59061 1.86308 0.249838 -2.89981 -1.75 1.75 3 -1.59846 1.84856 0.249997 127.053000000
-1.60069 1.85495 0.249815 -2.9018 -1.75 1.75 3 -1.60915 1.84528 0.25 127.158000000
-1.60699 1.84576 0.244025 -2.93592 -1.75 1.75 3 -1.6189 1.84301 0.249999 127.252000000
-1.62117 1.84646 0.251195 -2.91142 -1.75 1.75 3 -1.62908 1.84076 0.249999 127.350000000
-1.62576 1.84271 0.251906 -2.92788 -1.75 1.75 3 -1.6402 1.83832 0.25 127.457000000
-1.63819 1.83995 0.250222 -2.92942 -1.75 1.75 3 -1.65017 1.83612 0.25 127.553000000
-1.64641 1.83972 0.253702 -2.91408 -1.75 1.75 3 -1.66057 1.83383 0.25 127.653000000
-1.65614 1.83613 0.245693 -2.93095 -1.75 1.75 3 -1.67152 1.83024 0.250001 127.758000000
-1.67149 1.83348 0.25895 -2.89743 -1.75 1.75 3 -1.68113 1.82618 0.249997 127.856000000
-1.67947 1.82679 0.241636 -2.91202 -1.75 1.75 3 -1.69004 1.8216 0.250002 127.957000000
-1.6851 1.8245 0.240915 -2.89709 -1.75 1.75 3 -1.69629 1.81836 0.250003 128.050000000
-1.6957 1.82093 0.252754 -2.85572 -1.75 1.75 3 -1.70393 1.81388 0.250002 128.159000000
-1.70136 1.81544 0.244832 -2.85767 -1.75 1.75 3 -1.70861 1.81165 0.25 128.257000000
-1.7066 1.81636 0.235285 -2.80534 -1.75 1.75 3 -1.71478 1.80881 0.249991 128.349000000
-1.71338 1.81038 0.253153 -2.82127 -1.75 1.75 3 -1.72381 1.80382 0.250002 128.457000000
-1.72608 1.80702 0.239443 -2.74462 -1.75 1.75 3 -1.73181 1.79998 0.250002 128.550000000
-1.73136 1.80322 0.246275 -2.73947 -1.75 1.75 3 -1.74208 1.79494 0.250002 128.652000000
-1.7407 1.7977 0.250376 -2.74059 -1.75 1.75 3 -1.75348 1.78879 0.250001 128.755000000
-1.7488 1.79453 0.246636 -2.67944 -1.75 1.75 3 -1.76594 1.78207 0.25 128.854000000
-1.76584 1.78389 0.242718 -2.66865 -1.75 1.75 3 -1.77562 1.77782 0.250002 128.963000000
-1.77545 1.7808 0.241054 -2.66098 -1.75 1.75 3 -1.78407 1.77366 0.250001 129.058000000
-1.78254 1.7754 0.242607 -2.58984 -1.75 1.75 3 -1.79528 1.76613 0.250001 129.157000000
-1.79654 1.76584 0.247651 -2.57438 -1.75 1.75 3 -1.80565 1.75895 0.25 129.251000000
-1.80259 1.76372 0.244929 -2.59771 -1.75 1.75 3 -1.81554 1.75097 0.25 129.354000000
-1.81332 1.75563 0.230082 -2.58603 -1.75 1.75 3 -1.82388 1.74368 0.25 129.453000000
-1.82313 1.74658 0.244383 -2.54424 -1.75 1.75 3 -1.83218 1.7368 0.250001 129.554000000
-1.83307 1.73875 0.249175 -2.55046 -1.75 1.75 3 -1.84111 1.73041 0.25 129.656000000
-1.83794 1.73631 0.238054 -2.55633 -1.75 1.75 3 -1.84908 1.7237 0.249999 129.753000000
-1.84825 1.72628 0.243892 -2.52567 -1.75 1.75 3 -1.85695 1.71623 0.25 129.853000000
-1.85749 1.71935 0.233833 -2.52879 -1.75 1.75 3 -1.8655 1.70923 0.25 129.961000000
-1.86206 1.71214 0.234552 -2.49162 -1.75 1.75 3 -1.87461 1.70178 0.250001 130.054000000
-1.87298 1.70172 0.237031 -2.45451 -1.75 1.75 3 -1.8845 1.69415 0.25 130.154000000
-1.88415 1.69944 0.236349 -2.45906 -1.75 1.75 3 -1.89339 1.68526 0.25 130.255000000
-1.88836 1.68345 0.246138 -2.37194 -1.75 1.75 3 -1.90059 1.67614 0.249998 130.354000000
-1.90021 1.67991 0.247378 -2.38266 -1.75 1.75 3 -1.90879 1.6673 0.25 130.454000000
-1.90882 1.66628 0.243768 -2.32901 -1.75 1.75 3 -1.91747 1.65918 0.250001 130.554000000
-1.91561 1.66386 0.238799 -2.32521 -1.75 1.75 3 -1.92501 1.65058 0.250001 130.655000000
-1.92024 1.6453 0.235427 -2.24496 -1.75 1.75 3 -1.93169 1.64149 0.249993 130.753000000
-1.92908 1.63569 0.233303 -2.21469 -1.75 1.75 3 -1.93836 1.63258 0.25 130.851000000
-1.93273 1.62914 0.238055 -2.19217 -1.75 1.75 3 -1.94465 1.62337 0.25 130.953000000
-1.93862 1.61609 0.236098 -2.14694 -1.75 1.75 3 -1.94976 1.6136 0.250002 131.056000000
-1.94454 1.607 0.247736 -2.12369 -1.75 1.75 3 -1.95404 1.60385 0.250001 131.157000000
-1.95509 1.61171 0.240002 -2.16503 -1.75 1.75 3 -1.95791 1.59465 0.250001 131.250000000
-1.9618 1.60293 0.249712 -2.15486 -1.75 1.75 3 -1.96265 1.5843 0.249998 131.355000000
-1.96368 1.58501 0.239125 -2.11754 -1.75 1.75 3 -1.96803 1.57495 0.249998 131.457000000
-1.97085 1.5857 0.24147 -2.14199 -1.75 1.75 3 -1.97342 1.56614 0.25 131.552000000
-1.96811 1.56256 0.243065 -2.08921 -1.75 1.75 3 -1.97871 1.55723 0.250001 131.650000000
-1.98374 1.56296 0.249837 -2.13664 -1.75 1.75 3 -1.98336 1.5472 0.250002 131.755000000
-1.98118 1.55002 0.238838 -2.10006 -1.75 1.75 3 -1.98677 1.53699 0.250001 131.854000000
-1.98095 1.53376 0.242701 -2.06242 -1.75 1.75 3 -1.99029 1.52678 0.250001 131.958000000
-1.98433 1.52124 0.243612 -2.03189 -1.75 1.75 3 -1.99326 1.5179 0.25 132.055000000
-1.98148 1.51157 0.245945 -1.99572 -1.75 1.75 3 -1.99558 1.50613 0.249997 132.161000000
-1.98768 1.50254 0.252508 -1.974 -1.75 1.75 3 -1.99689 1.4964 0.250001 132.251000000
-1.99449 1.49287 0.237206 -1.95191 -1.75 1.75 3 -1.99785 1.48574 0.250001 132.358000000
-1.98182 1.47671 0.248097 -1.88908 -1.75 1.75 3 -1.99806 1.47589 0.249997 132.454000000
-1.98827 1.47007 0.248085 -1.87185 -1.75 1.75 3 -1.99774 1.46556 0.250001 132.552000000
-1.97981 1.45681 0.240935 -1.82063 -1.75 1.75 3 -1.99669 1.45529 0.25 132.649000000
-1.98667 1.45693 0.250764 -1.82883 -1.75 1.75 3 -1.99508 1.44455 0.25 132.750000000
-1.97968 1.43497 0.248215 -1.75695 -1.75 1.75 3 -1.99317 1.43164 0.249992 132.852000000
-1.98905 1.4308 0.256986 -1.75918 -1.75 1.75 3 -1.99068 1.41948 0.250001 132.956000000
-1.98499 1.42164 0.251635 -1.73007 -1.75 1.75 3 -1.98933 1.40567 0.250001 133.054000000
-1.99003 1.40968 0.254781 -1.71924 -1.75 1.75 3 -1.98664 1.3931 0.250001 133.153000000
-1.972 1.38857 0.241696 -1.64737 -1.75 1.75 3 -1.98509 1.37721 0.250002 133.252000000
-1.98211 1.37921 0.254065 -1.65762 -1.75 1.75 3 -1.98361 1.35965 0.250002 133.357000000
-1.97148 1.35423 0.255776 -1.61349 -1.75 1.75 3 -1.98157 1.34917 0.250001 133.455000000
-1.95963 1.34227 0.252925 -1.57541 -1.75 1.75 3 -1.97844 1.33968 0.249995 133.556000000
-1.96431 1.33441 0.24682 -1.56349 -1.75 1.75 3 -1.97656 1.32978 0.250001 133.650000000
-1.96298 1.33001 0.255723 -1.55678 -1.75 1.75 3 -1.97567 1.31636 0.250002 133.752000000
-1.9666 1.31815 0.254906 -1.55737 -1.75 1.75 3 -1.97422 1.30642 0.249997 133.852000000
-1.96111 1.30278 0.253865 -1.5376 -1.75 1.75 3 -1.97058 1.29681 0.250003 133.952000000
-1.96437 1.29661 0.260712 -1.53058 -1.75 1.75 3 -1.96795 1.28436 0.250002 134.063000000
-1.95998 1.28698 0.250764 -1.51288 -1.75 1.75 3 -1.96602 1.27406 0.249998 134.156000000
-1.96045 1.27563 0.253188 -1.50618 -1.75 1.75 3 -1.96325 1.26225 0.250003 134.259000000
-1.95136 1.25972 0.246708 -1.47719 -1.75 1.75 3 -1.9594 1.2536 0.250003 134.354000000
-1.93907 1.25016 0.250608 -1.44157 -1.75 1.75 3 -1.95414 1.24252 0.249995 134.457000000
-1.95642 1.2489 0.259949 -1.45526 -1.75 1.75 3 -1.94917 1.23389 0.250002 134.553000000
-1.93164 1.2296 0.252072 -1.38214 -1.75 1.75 3 -1.94525 1.22708 0.250003 134.658000000
-1.92917 1.22664 0.255308 -1.36952 -1.75 1.75 3 -1.94141 1.22055 0.250002 134.753000000
-1.94311 1.22461 0.251007 -1.37828 -1.75 1.75 3 -1.93697 1.21332 0.25 134.854000000
-1.93704 1.2142 0.242794 -1.34575 -1.75 1.75 3 -1.93143 1.20425 0.250002 134.951000000
-1.9303 1.20791 0.249687 -1.31894 -1.75 1.75 3 -1.9268 1.1954 0.249995 135.055000000
-1.90721 1.19261 0.252315 -1.25938 -1.75 1.75 3 -1.92232 1.18721 0.249995 135.154000000
-1.90342 1.18356 0.252482 -1.23992 -1.75 1.75 3 -1.9172 1.17776 0.249994 135.254000000
-1.90387 1.17662 0.245221 -1.23599 -1.75 1.75 3 -1.91243 1.16774 0.25 135.358000000
-1.92528 1.1741 0.248176 -1.27019 -1.75 1.75 3 -1.90877 1.15802 0.25 135.452000000
-1.90243 1.1579 0.252388 -1.23649 -1.75 1.75 3 -1.90536 1.14781 0.249998 135.553000000
-1.91562 1.15471 0.249004 -1.26118 -1.75 1.75 3 -1.90198 1.13771 0.25 135.653000000
-1.92001 1.14296 0.247581 -1.27565 -1.75 1.75 3 -1.89847 1.12721 0.249998 135.757000000
-1.88356 1.12946 0.254347 -1.221 -1.75 1.75 3 -1.89516 1.11732 0.25 135.855000000
-1.90932 1.1246 0.262516 -1.27052 -1.75 1.75 3 -1.89105 1.10745 0.25 135.953000000
-1.88789 1.11187 0.251678 -1.23484 -1.75 1.75 3 -1.88636 1.09768 0.25 136.054000000
-1.89641 1.10436 0.248936 -1.24548 -1.75 1.75 3 -1.88256 1.08816 0.249999 136.153000000
-1.89714 1.09171 0.248666 -1.25041 -1.75 1.75 3 -1.87907 1.07834 0.249999 136.250000000
-1.89062 1.08776 0.25811 -1.24426 -1.75 1.75 3 -1.87551 1.0683 0.25 136.351000000
-1.86912 1.07218 0.257304 -1.21842 -1.75 1.75 3 -1.87191 1.05818 0.249999 136.452000000
-1.85019 1.05821 0.257483 -1.19821 -1.75 1.75 3 -1.8682 1.04775 0.249999 136.556000000
-1.88495 1.05349 0.242023 -1.24883 -1.75 1.75 3 -1.86471 1.03792 0.249999 136.654000000
-1.86277 1.03865 0.24879 -1.22537 -1.75 1.75 3 -1.86051 1.02782 0.250001 136.756000000
-1.84105 1.02807 0.25426 -1.19638 -1.75 1.75 3 -1.85583 1.0188 0.250001 136.854000000
-1.82625 1.02106 0.254193 -1.17359 -1.75 1.75 3 -1.85145 1.01098 0.249999 136.954000000
-1.86388 1.01708 0.252652 -1.21864 -1.75 1.75 3 -1.84635 1.00172 0.250001 137.054000000
-1.85581 1.00788 0.260412 -1.20431 -1.75 1.75 3 -1.84197 0.991984 0.25 137.154000000
-1.84142 0.99802 0.253841 -1.18571 -1.75 1.75 3 -1.83793 0.981904 0.25 137.256000000
-1.83222 0.982919 0.246895 -1.17987 -1.75 1.75 3 -1.83409 0.972316 0.249998 137.353000000
-1.81485 0.971354 0.249961 -1.16391 -1.75 1.75 3 -1.83001 0.962115 0.249999 137.457000000
-1.84667 0.971595 0.257741 -1.20863 -1.75 1.75 3 -1.82614 0.952435 0.249999 137.555000000
-1.81335 0.956635 0.257503 -1.17231 -1.75 1.75 3 -1.82136 0.942875 0.250001 137.653000000
-1.80751 0.946339 0.259708 -1.16385 -1.75 1.75 3 -1.81592 0.933302 0.25 137.753000000
-1.78814 0.937168 0.251773 -1.13617 -1.75 1.75 3 -1.81206 0.926197 0.250002 137.854000000
-1.78271 0.927792 0.251571 -1.1205 -1.75 1.75 3 -1.80808 0.919112 0.250002 137.952000000
-1.78494 0.921377 0.257244 -1.10749 -1.75 1.75 3 -1.80561 0.912505 0.250002 138.051000000
-1.82081 0.91954 0.256085 -1.14406 -1.75 1.75 3 -1.8026 0.90531 0.250001 138.154000000
-1.77672 0.909554 0.257443 -1.07703 -1.75 1.75 3 -1.79559 0.89426 0.25 138.264000000
-1.77628 0.895759 0.251928 -1.05093 -1.75 1.75 3 -1.79162 0.885609 0.250002 138.355000000
-1.75164 0.888303 0.248169 -1.0127 -1.75 1.75 3 -1.78458 0.873935 0.249998 138.456000000
-1.7493 0.87983 0.257863 -0.986127 -1.75 1.75 3 -1.77877 0.863167 0.249999 138.554000000
-1.77815 0.863713 0.24805 -0.995656 -1.75 1.75 3 -1.77128 0.852464 0.249999 138.654000000
-1.77635 0.849071 0.23876 -0.972969 -1.75 1.75 3 -1.76242 0.841864 0.25 138.756000000
-1.70919 0.845555 0.244834 -0.8857 -1.75 1.75 3 -1.75344 0.831536 0.25 138.854000000
-1.75541 0.834502 0.249578 -0.911331 -1.75 1.75 3 -1.74641 0.821492 0.249992 138.954000000
-1.7528 0.820452 0.246835 -0.884984 -1.75 1.75 3 -1.73935 0.81356 0.250001 139.051000000
-1.73132 0.814615 0.243362 -0.851213 -1.75 1.75 3 -1.73337 0.808499 0.250001 139.152000000
-1.72719 0.809883 0.248194 -0.830638 -1.75 1.75 3 -1.72844 0.805843 0.249996 139.254000000
-1.73418 0.808874 0.253377 -0.828812 -1.75 1.75 3 -1.72263 0.800602 0.25 139.354000000
-1.70461 0.80747 0.256168 -0.797464 -1.75 1.75 3 -1.71409 0.79236 0.250001 139.453000000
-1.74066 0.796897 0.259562 -0.833797 -1.75 1.75 3 -1.70658 0.784653 0.249999 139.552000000
-1.72184 0.79131 0.256472 -0.818094 -1.75 1.75 3 -1.69929 0.777054 0.249999 139.650000000
-1.67689 0.779397 0.246711 -0.780132 -1.75 1.75 3 -1.69098 0.768675 0.25 139.758000000
-1.67885 0.768192 0.243545 -0.788708 -1.75 1.75 3 -1.68269 0.761568 0.25 139.856000000
-1.69663 0.767394 0.254982 -0.806449 -1.75 1.75 3 -1.67381 0.754829 0.249994 139.956000000
-1.64123 0.761308 0.251969 -0.739546 -1.75 1.75 3 -1.66479 0.748233 0.249996 140.053000000
-1.64108 0.758085 0.25688 -0.733574 -1.75 1.75 3 -1.65568 0.741219 0.250001 140.159000000
-1.66306 0.750514 0.267166 -0.754629 -1.75 1.75 3 -1.64769 0.734161 0.249999 140.256000000
-1.66134 0.735764 0.246293 -0.756862 -1.75 1.75 3 -1.63958 0.726639 0.249999 140.360000000
-1.65148 0.735697 0.262843 -0.754946 -1.75 1.75 3 -1.63209 0.719696 0.25 140.455000000
-1.6537 0.722068 0.246796 -0.763469 -1.75 1.75 3 -1.62366 0.711884 0.25 140.556000000
-1.61936 0.718491 0.255497 -0.740607 -1.75 1.75 3 -1.6161 0.704867 0.249999 140.660000000
-1.64879 0.706768 0.258851 -0.777706 -1.75 1.75 3 -1.60884 0.698142 0.25 140.754000000
-1.58327 0.709009 0.255535 -0.719536 -1.75 1.75 3 -1.60088 0.690758 0.25 140.855000000
-1.60812 0.694378 0.252976 -0.752302 -1.75 1.75 3 -1.59275 0.683225 0.25 140.958000000
-1.56614 0.69583 0.263824 -0.720953 -1.75 1.75 3 -1.58525 0.676271 0.25 141.055000000
-1.57602 0.684125 0.252789 -0.735361 -1.75 1.75 3 -1.57775 0.669318 0.25 141.151000000
-1.5822 0.67394 0.255393 -0.750321 -1.75 1.75 3 -1.56979 0.661932 0.249999 141.253000000
-1.57283 0.67148 0.266733 -0.74955 -1.75 1.75 3 -1.56214 0.654845 0.249999 141.349000000
-1.58278 0.664197 0.263899 -0.762058 -1.75 1.75 3 -1.5541 0.647396 0.25 141.454000000
-1.57764 0.654332 0.266129 -0.766804 -1.75 1.75 3 -1.54654 0.64038 0.249999 141.552000000
-1.56681 0.645263 0.264077 -0.765299 -1.75 1.75 3 -1.53834 0.632782 0.25 141.655000000
-1.53692 0.64439 0.261241 -0.742211 -1.75 1.75 3 -1.53077 0.625767 0.249999 141.753000000
-1.54917 0.627692 0.254874 -0.761446 -1.75 1.75 3 -1.52281 0.61839 0.249999 141.855000000
-1.5583 0.620698 0.253947 -0.773674 -1.75 1.75 3 -1.51524 0.611371 0.249999 141.953000000
-1.49808 0.62025 0.251483 -0.728221 -1.75 1.75 3 -1.50651 0.603439 0.249994 142.059000000
-1.5033 0.611895 0.25806 -0.73953 -1.75 1.75 3 -1.49842 0.597274 0.249996 142.149000000
-1.48083 0.575241 0.201593 -0.719532 -1.75 1.75 3 -1.48891 0.590746 0.249999 142.256000000
-1.48362 0.580224 0.220693 -0.716258 -1.75 1.75 3 -1.4793 0.584696 0.249994 142.355000000
-1.48362 0.580224 0.220693 -0.647469 -1.75 1.75 3 -1.47066 0.578193 0.249994 142.355000000
-1.38656 0.526121 0.174838 -0.544798 -1.75 1.75 3 -1.42111 0.550508 0.249999 142.948000000
-1.43496 0.505329 0.170856 -0.586965 -1.75 1.75 3 -1.41232 0.544885 0.249999 143.047000000
-1.3797 0.517569 0.186633 -0.550689 -1.75 1.75 3 -1.40266 0.538658 0.249999 143.154000000
-1.38704 0.505332 0.177473 -0.561732 -1.75 1.75 3 -1.39461 0.533473 0.249999 143.244000000
-1.37002 0.486365 0.154212 -0.559151 -1.75 1.75 3 -1.38549 0.527596 0.249999 143.346000000
-1.40716 0.481806 0.183224 -0.594906 -1.75 1.75 3 -1.37672 0.521947 0.249998 143.445000000
-1.41302 0.484756 0.207928 -0.604037 -1.75 1.75 3 -1.36724 0.51584 0.249999 143.550000000
-1.32192 0.498676 0.203736 -0.540164 -1.75 1.75 3 -1.35848 0.510193 0.249999 143.648000000
-1.32192 0.498676 0.203736 -0.547074 -1.75 0 3 -1.33118 0.492603 0.25 143.648000000
-1.32242 0.488778 0.23402 -0.592738 -1.75 0 3 -1.32215 0.486782 0.249999 144.054000000
-1.33947 0.504951 0.235132 -0.537809 -1.75 0 3 -1.31382 0.481407 0.25 144.148000000
-1.31846 0.484532 0.247474 -0.5698 -1.75 0 3 -1.30434 0.475298 0.25 144.253000000
-1.31125 0.483072 0.241446 -0.560605 -1.75 0 3 -1.29539 0.469536 0.25 144.354000000
-1.29518 0.469783 0.243062 -0.574719 -1.75 0 3 -1.28654 0.463831 0.249999 144.453000000
-1.29669 0.485676 0.214432 -0.549401 -1.75 0 3 -1.27769 0.458126 0.25 144.552000000
-1.2919 0.474485 0.238843 -0.544953 -1.75 0 3 -1.26838 0.452125 0.249999 144.655000000
-1.27514 0.461741 0.239022 -0.557555 -1.75 0 3 -1.26024 0.446881 0.25 144.746000000
-1.25536 0.448191 0.230856 -0.57897 -1.75 0 3 -1.25067 0.440714 0.249999 144.853000000
-1.24674 0.431079 0.252251 -0.59376 -1.75 0 3 -1.24146 0.434779 0.25 144.955000000
-1.25068 0.454342 0.222689 -0.548771 -1.75 0 3 -1.23252 0.429017 0.25 145.056000000
-1.21947 0.422552 0.223291 -0.596473 -1.75 0 3 -1.22418 0.423638 0.249998 145.149000000
-1.23247 0.434159 0.239152 -0.560246 -1.75 0 3 -1.21496 0.4177 0.25 145.252000000
-1.20889 0.416463 0.228353 -0.584674 -1.75 0 3 -1.20584 0.411819 0.25 145.354000000
-1.20274 0.40816 0.240438 -0.583051 -1.75 0 3 -1.19617 0.405587 0.249995 145.455000000
-1.1974 0.410311 0.236937 -0.570116 -1.75 0 3 -1.1883 0.400507 0.249998 145.551000000
-1.18952 0.403711 0.23696 -0.575377 -1.75 0 3 -1.17909 0.39457 0.25 145.653000000
-1.18308 0.404581 0.233175 -0.562598 -1.75 0 3 -1.17032 0.38892 0.25 145.751000000
-1.17308 0.402373 0.227332 -0.557237 -1.75 0 3 -1.16128 0.383091 0.25 145.852000000
-1.16391 0.384808 0.242914 -0.575186 -1.75 0 3 -1.1518 0.37698 0.25 145.957000000
-1.15526 0.381444 0.242527 -0.56953 -1.75 0 3 -1.14348 0.371612 0.25 146.051000000
-1.12644 0.355276 0.224741 -0.606906 -1.75 0 3 -1.13409 0.365559 0.25 146.156000000
-1.12713 0.363838 0.221421 -0.588562 -1.75 0 3 -1.12469 0.359505 0.25 146.256000000
-1.11818 0.349636 0.238488 -0.593945 -1.75 0 3 -1.11655 0.354253 0.25 146.353000000
-1.11696 0.368199 0.224296 -0.55892 -1.75 0 3 -1.1076 0.348488 0.25 146.453000000
-1.1069 0.351819 0.229635 -0.576327 -1.75 0 3 -1.09875 0.342778 0.25 146.552000000
-1.09094 0.33498 0.229623 -0.590838 -1.75 0 3 -1.08979 0.337004 0.25 146.652000000
-1.08604 0.350673 0.212858 -0.561748 -1.75 0 3 -1.08058 0.331065 0.25 146.754000000
-1.07891 0.320564 0.246682 -0.592045 -1.75 0 3 -1.07189 0.325469 0.249998 146.852000000
-1.06742 0.321255 0.235211 -0.58296 -1.75 0 3 -1.06241 0.319356 0.249999 146.957000000
-1.06504 0.324762 0.238655 -0.57144 -1.75 0 3 -1.05409 0.313998 0.25 147.049000000
-1.05151 0.314016 0.23436 -0.57758 -1.75 0 3 -1.04461 0.307889 0.25 147.156000000
-1.03912 0.302838 0.235939 -0.583367 -1.75 0 3 -1.03585 0.302242 0.25 147.254000000
-1.02998 0.289053 0.235733 -0.596843 -1.75 0 3 -1.0259 0.296817 0.25 147.354000000
-1.02163 0.287991 0.238205 -0.578761 -1.75 0 3 -1.01625 0.292621 0.250002 147.451000000
-1.03494 0.329952 0.238276 -0.507808 -1.75 0 3 -1.00594 0.288713 0.250001 147.551000000
-1.03494 0.329952 0.238276 -0.480156 -1.75 0 3 -0.998296 0.285171 0.25 147.551000000
-1.00833 0.331683 0.218269 -0.44116 -1.75 0 3 -0.987431 0.282578 0.250001 147.753000000
-0.994105 0.309954 0.222461 -0.447802 -1.75 0 3 -0.977832 0.28005 0.250001 147.852000000
-0.974448 0.285023 0.226101 -0.444266 -1.75 0 3 -0.96647 0.277736 0.249993 147.955000000
-0.956739 0.268933 0.226899 -0.439144 -1.75 0 3 -0.956183 0.274787 0.250001 148.054000000
-0.947676 0.279215 0.206429 -0.421571 -1.75 0 3 -0.945854 0.270898 0.250001 148.156000000
-0.947676 0.279215 0.206429 -0.415643 -1.75 0 3 -0.936202 0.266685 0.250001 148.156000000
-0.935938 0.288779 0.227253 -0.386691 -1.75 0 3 -0.926549 0.262473 0.249999 148.354000000
-0.927158 0.27649 0.2291 -0.398612 -1.75 0 3 -0.916215 0.257963 0.249999 148.460000000
-0.913943 0.277938 0.222632 -0.39142 -1.75 0 3 -0.907245 0.254049 0.249999 148.553000000
-0.899542 0.25345 0.21799 -0.419342 -1.75 0 3 -0.897594 0.249838 0.25 148.652000000
-0.886914 0.231633 0.226874 -0.436518 -1.75 0 3 -0.887547 0.245454 0.25 148.754000000
-0.878655 0.244086 0.222053 -0.416565 -1.75 0 3 -0.877974 0.241279 0.249999 148.852000000
-0.87334 0.219646 0.239508 -0.439137 -1.75 0 3 -0.868026 0.236939 0.25 148.955000000
-0.867383 0.24575 0.231992 -0.404451 -1.75 0 3 -0.858373 0.232725 0.249999 149.053000000
-0.860543 0.263678 0.228358 -0.378819 -1.75 0 3 -0.848527 0.228427 0.25 149.153000000
-0.836668 0.20928 0.21746 -0.438758 -1.75 0 3 -0.838679 0.224128 0.249999 149.255000000
-0.842261 0.250048 0.232883 -0.385723 -1.75 0 3 -0.829612 0.22017 0.25 149.348000000
-0.815413 0.200172 0.222276 -0.435286 -1.75 0 3 -0.819473 0.215744 0.25 149.453000000
-0.817631 0.240847 0.216734 -0.390387 -1.75 0 3 -0.809625 0.211444 0.249999 149.554000000
-0.799922 0.203074 0.219681 -0.424562 -1.75 0 3 -0.799779 0.207146 0.25 149.654000000
-0.788729 0.203322 0.21854 -0.418821 -1.75 0 3 -0.790126 0.20293 0.249999 149.753000000
-0.78333 0.204442 0.216903 -0.414644 -1.75 0 3 -0.78028 0.198631 0.25 149.855000000
-0.773116 0.203217 0.224332 -0.409303 -1.75 0 3 -0.770237 0.194246 0.249999 149.957000000
-0.764907 0.216592 0.210765 -0.394468 -1.75 0 3 -0.76078 0.190117 0.25 150.054000000
-0.757708 0.22698 0.211765 -0.378772 -1.75 0 3 -0.751128 0.185901 0.249999 150.152000000
-0.747009 0.220703 0.218425 -0.379571 -1.75 0 3 -0.741573 0.181729 0.249999 150.251000000
-0.72897 0.157006 0.216336 -0.440334 -1.75 0 3 -0.731337 0.177259 0.25 150.353000000
-0.710754 0.146914 0.204437 -0.445126 -1.75 0 3 -0.721767 0.173079 0.25 150.453000000
-0.702666 0.143982 0.209706 -0.442866 -1.75 0 3 -0.711919 0.168777 0.249999 150.555000000
-0.70231 0.201485 0.208185 -0.383897 -1.75 0 3 -0.701878 0.164392 0.25 150.657000000
-0.692228 0.205285 0.194808 -0.37991 -1.75 0 3 -0.691656 0.160544 0.250001 150.759000000
-0.671128 0.143646 0.1961 -0.428904 -1.75 0 3 -0.681524 0.157677 0.249998 150.857000000
-0.665189 0.171779 0.199301 -0.384256 -1.75 0 3 -0.67264 0.156078 0.250001 150.948000000
-0.652284 0.162846 0.187441 -0.380199 -1.75 0 3 -0.661423 0.154999 0.249998 151.053000000
-0.645104 0.17099 0.183755 -0.361556 -1.75 0 3 -0.650412 0.153183 0.25 151.158000000
-0.659554 0.175034 0.246323 -0.317959 -1.75 0 3 -0.640042 0.150061 0.250001 151.251000000
-0.647521 0.156583 0.252636 -0.327364 -1.75 0 3 -0.629399 0.14646 0.249999 151.357000000
-0.637391 0.11198 0.252427 -0.36571 -1.75 0 3 -0.619556 0.143022 0.249999 151.454000000
-0.631655 0.141178 0.247621 -0.338638 -1.75 0 3 -0.609613 0.139549 0.25 151.553000000
-0.620026 0.132946 0.250414 -0.342308 -1.75 0 3 -0.599571 0.136043 0.25 151.652000000
-0.610252 0.134622 0.200082 -0.328852 0 0 3 -0.579878 0.129163 0.25 151.849000000
-0.597422 0.120085 0.207809 -0.31254 0 0 3 -0.569331 0.12548 0.249999 151.954000000
-0.584244 0.126999 0.203723 -0.331547 0 0 3 -0.559288 0.121972 0.249999 152.054000000
-0.564489 0.136872 0.222375 -0.356759 0 0 3 -0.548842 0.118324 0.249999 152.158000000
-0.563824 0.110589 0.218109 -0.314786 0 0 3 -0.539102 0.114923 0.25 152.254000000
-0.557517 0.114018 0.212806 -0.323912 0 0 3 -0.529058 0.111416 0.25 152.353000000
-0.536934 0.132238 0.221873 -0.365888 0 0 3 -0.519315 0.108013 0.249999 152.452000000
-0.542677 0.0973699 0.207768 -0.30367 0 0 3 -0.509172 0.104471 0.25 152.553000000
-0.522861 0.110485 0.200357 -0.337697 0 0 3 -0.499027 0.100928 0.249999 152.654000000
-0.511491 0.10985 0.199158 -0.344027 0 0 3 -0.489185 0.0974914 0.249999 152.752000000
-0.505318 0.108101 0.201335 -0.345862 0 0 3 -0.479039 0.0939474 0.25 152.853000000
-0.501251 0.0852662 0.207574 -0.305886 0 0 3 -0.468694 0.0903348 0.249999 152.956000000
-0.488008 0.0820194 0.209784 -0.306865 0 0 3 -0.458852 0.0868978 0.249999 153.054000000
-0.460886 0.10255 0.220836 -0.363666 0 0 3 -0.449513 0.0836364 0.25 153.147000000
-0.464337 0.0748748 0.205193 -0.30798 0 0 3 -0.439168 0.0800238 0.249999 153.249000000
-0.461023 0.0718295 0.196922 -0.30452 0 0 3 -0.427859 0.0768058 0.249995 153.359000000
-0.445116 0.0878476 0.201445 -0.342953 0 0 3 -0.418458 0.0748634 0.249999 153.451000000
-0.434616 0.0602353 0.202411 -0.27206 0 0 3 -0.408269 0.0739713 0.250001 153.552000000
-0.425539 0.0555356 0.213902 -0.250315 0 0 3 -0.398042 0.0739878 0.250001 153.649000000
-0.413274 0.0806739 0.197924 -0.278461 0 0 3 -0.38525 0.0750267 0.250001 153.761000000
-0.398831 0.0639152 0.209064 -0.20136 0 0 3 -0.374075 0.0752366 0.249999 153.857000000
-0.361378 0.0886353 0.211887 -0.231459 0 0 3 -0.342387 0.0725447 0.249993 154.158000000
-0.349676 0.0792806 0.213904 -0.208403 0 0 3 -0.332273 0.0720988 0.25 154.255000000
-0.340878 0.0758522 0.228313 -0.191368 0 0 3 -0.319621 0.071247 0.249994 154.361000000
-0.33878 0.0617583 0.219059 -0.145249 0 0 3 -0.310196 0.0726466 0.250001 154.452000000
-0.317214 0.0738947 0.226273 -0.138816 0 0 3 -0.300295 0.0756978 0.250002 154.555000000
-0.308147 0.0704102 0.222278 -0.0839567 0 0 3 -0.288636 0.077241 0.250001 154.656000000
-0.296941 0.085404 0.222922 -0.122814 0 0 3 -0.27625 0.0775332 0.250003 154.754000000
-0.285752 0.0726517 0.220192 -0.0671325 0 0 3 -0.266385 0.0777994 0.250001 154.855000000
-0.269742 0.0817496 0.227015 -0.0917425 0 0 3 -0.25589 0.0770158 0.249999 154.954000000
-0.266883 0.0701269 0.22676 -0.0504334 0 0 3 -0.245199 0.0770229 0.249999 155.055000000
-0.251472 0.0788022 0.233342 -0.0794755 0 0 3 -0.235217 0.0782246 0.250002 155.156000000
-0.242888 0.0749868 0.231014 -0.0422895 0 0 3 -0.226879 0.0804237 0.250001 155.250000000
-0.232132 0.0777913 0.228561 -0.0142083 0 0 3 -0.217454 0.0829554 0.250001 155.355000000
-0.23515 0.0718346 0.224539 0.0108602 0 0 3 -0.204063 0.0832894 0.250001 155.454000000
-0.212337 0.0808784 0.230822 -0.00577865 0 0 3 -0.194372 0.0840293 0.250001 155.548000000
-0.202409 0.0830929 0.21177 -0.00443176 0 0 3 -0.182545 0.0839014 0.249999 155.659000000
-0.193137 0.0854445 0.224064 -0.0187326 0 0 3 -0.172759 0.0837646 0.249999 155.751000000
-0.177981 0.0909936 0.215572 -0.0483506 0 0 3 -0.162548 0.0836219 0.249999 155.847000000
-0.177185 0.0787067 0.216941 0.0205932 0 0 3 -0.150742 0.0834567 0.25 155.958000000
-0.155095 0.0859505 0.209587 -0.0235473 0 0 3 -0.140636 0.0833153 0.249999 156.053000000
-0.152141 0.0798705 0.209082 0.0156691 0 0 3 -0.129681 0.083162 0.25 156.156000000
-0.13336 0.0881931 0.21575 -0.0420039 0 0 3 -0.119895 0.083025 0.25 156.249000000
-0.128602 0.0868341 0.211194 -0.0304589 0 0 3 -0.108833 0.08287 0.25 156.352000000
-0.118238 0.082092 0.211704 0.00699051 0 0 3 -0.0980893 0.0827195 0.249999 156.453000000
-0.102899 0.0862545 0.209744 -0.0286109 0 0 3 -0.0875598 0.082572 0.25 156.552000000
-0.0950193 0.08671 0.216008 -0.0359421 0 0 3 -0.0762844 0.0824145 0.25 156.658000000
-0.0836376 0.0829906 0.210188 0.00238024 0 0 3 -0.0666976 0.0823436 0.250001 156.755000000
-0.0747412 0.0846278 0.217327 -0.0214426 0 0 3 -0.0591637 0.0823122 0.250001 156.856000000
-0.0639 0.0861902 0.213763 -0.0470553 0 0 3 -0.053712 0.0823121 0.249999 156.954000000
-0.0616047 0.0834324 0.206793 0.00165275 0 0 3 -0.0505186 0.082338 0.25 157.054000000
-0.060404 0.0824299 0.211627 0.0154014 0 0 3 -0.0493091 0.0823823 0.25 157.154000000
-0.0540528 0.0859364 0.207394 -0.045882 0 0 3 -0.0492905 0.0823821 0.25 157.253000000
-0.0591963 0.0824749 0.207306 0.0151815 0 0 3 -0.049277 0.082382 0.25 157.353000000
-0.0550355 0.0853072 0.207244 -0.0343607 0 0 3 -0.0492632 0.0823818 0.25 157.453000000
-0.0577566 0.0834861 0.20726 -0.00207173 0 0 3 -0.049253 0.0823818 0.249999 157.557000000
-0.0548591 0.0854158 0.207239 -0.0363474 0 0 3 -0.0492456 0.0823817 0.25 157.647000000
-0.0594047 0.0823118 0.207204 0.0179081 0 0 3 -0.0492358 0.0823816 0.25 157.755000000
-0.057868 0.0833278 0.207598 0.00047718 0 0 3 -0.0492268 0.0823815 0.25 157.854000000
-0.0590267 0.0825317 0.207435 0.0140459 0 0 3 -0.0492171 0.0823814 0.249999 157.954000000
-0.0554555 0.0848985 0.207931 -0.027436 0 0 3 -0.0492032 0.0823806 0.25 158.054000000
-0.0570644 0.0838333 0.20783 -0.00845684 0 0 3 -0.0491883 0.0823805 0.25 158.154000000
-0.0547403 0.0853666 0.207835 -0.0358593 0 0 3 -0.049172 0.0823804 0.249998 158.253000000
-0.0586908 0.0826967 0.207842 0.0111547 0 0 3 -0.0491596 0.0823802 0.25 158.353000000
-0.0551406 0.0851043 0.207839 -0.0311268 0 0 3 -0.0491452 0.0823801 0.25 158.455000000
-0.054473 0.0855237 0.20778 -0.0388105 0 0 3 -0.0491354 0.08238 0.249999 158.552000000
-0.0564926 0.0842092 0.207817 -0.0150897 0 0 3 -0.0491268 0.0823799 0.25 158.654000000
-0.0588646 0.0825638 0.207802 0.0134016 0 0 3 -0.0491178 0.0823798 0.25 158.755000000
-0.0570338 0.0838378 0.207795 -0.00858933 0 0 3 -0.0491088 0.0823797 0.25 158.855000000
-0.056537 0.0841744 0.207785 -0.014491 0 0 3 -0.0490993 0.0823796 0.249999 158.953000000
-0.0588393 0.0825829 0.207798 0.0131242 0 0 3 -0.0490853 0.0823788 0.25 159.055000000
-0.0591323 0.0823706 0.207725 0.0168035 0 0 3 -0.0490688 0.0823787 0.249998 159.154000000
-0.0560311 0.084466 0.207993 -0.0196971 0 0 3 -0.0490558 0.0823786 0.25 159.251000000
-0.059342 0.0821718 0.20803 0.020058 0 0 3 -0.0490412 0.0823785 0.25 159.354000000
-0.0547664 0.0852895 0.208011 -0.0345339 0 0 3 -0.0490262 0.0823783 0.249999 159.458000000
-0.0547644 0.0852244 0.208334 -0.0335869 0 0 3 -0.0490181 0.0823782 0.25 159.554000000
-0.0551187 0.0849951 0.208313 -0.0294344 0 0 3 -0.049009 0.0823782 0.25 159.653000000
-0.0557762 0.0845614 0.208287 -0.0215455 0 0 3 -0.0489996 0.0823781 0.25 159.756000000
-0.0590246 0.0823269 0.208329 0.0173567 0 0 3 -0.0489913 0.082378 0.25 159.849000000
-0.0573482 0.0835011 0.208259 -0.00285511 0 0 3 -0.048982 0.0823778 0.25 159.953000000
-0.0558165 0.0845362 0.208296 -0.0210614 0 0 3 -0.0489696 0.082377 0.25 160.041000000
-0.0572691 0.0835501 0.208265 -0.00372026 0 0 3 -0.0489516 0.0823769 0.249998 160.152000000
-0.0566947 0.0839396 0.208247 -0.0105683 0 0 3 -0.0489399 0.0823769 0.25 160.247000000
-0.0558772 0.0844844 0.208253 -0.0202433 0 0 3 -0.048923 0.0823767 0.249998 160.350000000
-0.0565936 0.0840007 0.208223 -0.0116532 0 0 3 -0.04891 0.0823765 0.25 160.456000000
-0.0577167 0.0832344 0.208232 0.0017692 0 0 3 -0.0489001 0.0823765 0.25 160.553000000
-0.0537341 0.0858698 0.208019 -0.0454308 0 0 3 -0.0488903 0.0823764 0.249999 160.652000000
-0.0574576 0.0834123 0.208219 -0.00130375 0 0 3 -0.0488814 0.0823763 0.249999 160.750000000
-0.0574954 0.0835538 0.205122 -0.00343951 0 0 3 -0.0488721 0.0823762 0.249999 160.855000000
-0.0578216 0.0832471 0.205643 0.00174227 0 0 3 -0.0488631 0.0823761 0.249999 160.955000000
-0.0568058 0.0839418 0.205636 -0.0103771 0 0 3 -0.0488509 0.0823753 0.25 161.053000000
-0.0589879 0.0824257 0.205653 0.0158205 0 0 3 -0.048836 0.0823752 0.25 161.154000000
-0.055161 0.0850329 0.205619 -0.0298322 0 0 3 -0.0488219 0.0823751 0.25 161.251000000
-0.05771 0.0833269 0.205615 0.000460787 0 0 3 -0.0488059 0.0823749 0.25 161.355000000
-0.057992 0.0831253 0.205561 0.00385783 0 0 3 -0.0488059 0.0823749 0.25 161.451000000
