0 0 0 0 0 0 0 0 0 1585910272.959057893
0 0 0 0 0 0 0 0 0 1585910272.983190889
0 0 0 0 0 0 0 0 0 1585910273.034641516
0 0 0 0 0 0 0 0 0 1585910273.084269896
0 0 0 0 0 0 0 0 0 1585910273.133785914
0 0 0 0 0 0 0 0 0 1585910273.184951473
0 0 0 0 0 0 0 0 0 1585910273.233982997
0 0 0 0 0 0 0 0 0 1585910273.283936201
0 0 0 0 0 0 0 0 0 1585910273.333940546
0 0 0 0 0 0 0 0 0 1585910273.384439355
0 0 0 0 0 0 0 0 0 1585910273.434363436
0 0 0 0 0 0 0 0 0 1585910273.484225998
0 0 0 0 0 0 0 0 0 1585910273.534168549
0 0 0 0 0 0 0 0 0 1585910273.584428410
0 0 0 0 0 0 0 0 0 1585910273.634583355
0 0 0 0 0 0 0 0 0 1585910273.684252244
0 0 0 0 0 0 0 0 0 1585910273.734574387
0 0 0 0 0 0 0 0 0 1585910273.784706583
0 0 0 0 0 0 0 0 0 1585910273.833574398
0 0 0 0 0 0 0 0 0 1585910273.884483458
0 0 0 0 0 0 0 0 0 1585910273.934501386
0 0 0 0 0 0 0 0 0 1585910273.983961135
0 0 0 0 0 0 0 0 0 1585910274.034937121
0 0 0 0 0 0 0 0 0 1585910274.084931039
0 0 0 0 0 0 0 0 0 1585910274.133692829
0 0 0 0 0 0 0 0 0 1585910274.184131953
0 0 0 0 0 0 0 0 0 1585910274.234295873
0 0 0 0 0 0 0 0 0 1585910274.283835376
0 0 0 0 0 0 0 0 0 1585910274.333817829
0 0 0 0 0 0 0 0 0 1585910274.384263169
0 0 0 0 0 0 0 0 0 1585910274.434702130
0 0 0 0 0 0 0 0 0 1585910274.484554950
0 0 0 0 0 0 0 0 0 1585910274.534735756
0 0 0 0 0 0 0 0 0 1585910274.584141893
0 0 0 0 0 0 0 0 0 1585910274.635025010
0 0 0 0 0 0 0 0 0 1585910274.684998040
0 0 0 0 0 0 0 0 0 1585910274.734094017
0 0 0 0 0 0 0 0 0 1585910274.783780882
0 0 0 0 0 0 0 0 0 1585910274.834627160
0 0 0 0 0 0 0 0 0 1585910274.884759955
0 0 0 0 0 0 0 0 0 1585910274.934690966
0 0 0 0 0 0 0 0 0 1585910274.984841071
0 0 0 0 0 0 0 0 0 1585910275.034861327
0 0 0 0 0 0 0 0 0 1585910275.084557130
0 0 0 0 0 0 0 0 0 1585910275.134928918
0 0 0 0 0 0 0 0 0 1585910275.184540588
0 0 0 0 0 0 0 0 0 1585910275.234512353
0 0 0 0 0 0 0 0 0 1585910275.284078876
0 0 0 0 0 0 0 0 0 1585910275.334573914
0 0 0 0 0 0 0 0 0 1585910275.383739273
0 0 0 0 0 0 0 0 0 1585910275.434568937
0 0 0 0 0 0 0 0 0 1585910275.484929296
0 0 0 0 0 0 0 0 0 1585910275.534886679
0 0 0 0 0 0 0 0 0 1585910275.585023237
0 0 0 0 0 0 0 0 0 1585910275.634183772
0 0 0 0 0 0 0 0 0 1585910275.684166301
0 0 0 0 0 0 0 0 0 1585910275.733457140
0 0 0 0 0 0 0 0 0 1585910275.784288329
0 0 0 0 0 0 0 0 0 1585910275.835109154
0 0 0 0 0 0 0 0 0 1585910275.884444571
0 0 0 0 0 0 0 0 0 1585910275.934933969
0 0 0 0 0 0 0 0 0 1585910275.984854007
0 0 0 0 0 0 0 0 0 1585910276.033933902
0 0 0 0 0 0 0 0 0 1585910276.083687385
0 0 0 0 0 0 0 0 0 1585910276.133896536
0 0 0 0 0 0 0 0 0 1585910276.184415762
0 0 0 0 0 0 0 0 0 1585910276.234119421
0 0 0 0 0 0 0 0 0 1585910276.284643515
0 0 0 0 0 0 0 0 0 1585910276.333422563
0 0 0 0 0 0 0 0 0 1585910276.384940220
0 0 0 0 0 0 0 0 0 1585910276.434510271
0 0 0 0 0 0 0 0 0 1585910276.485126926
0 0 0 0 0 0 0 0 0 1585910276.534984212
0 0 0 0 0 0 0 0 0 1585910276.584539847
0 0 0 0 0 0 0 0 0 1585910276.634556306
0 0 0 0 0 0 0 0 0 1585910276.683698204
0 0 0 0 0 0 0 0 0 1585910276.734864334
0 0 0 0 0 0 0 0 0 1585910276.784200648
0 0 0 0 0 0 0 0 0 1585910276.833634300
0 0 0 0 0 0 0 0 0 1585910276.883914624
0 0 0 0 0 0 0 0 0 1585910276.933741816
0 0 0 0 0 0 0 0 0 1585910276.984769699
0 0 0 0 0 0 0 0 0 1585910277.034890963
0 0 0 0 0 0 0 0 0 1585910277.084853156
0 0 0 0 0 0 0 0 0 1585910277.134022935
0 0 0 0 0 0 0 0 0 1585910277.185745490
0 0 0 0 0 0 0 0 0 1585910277.233279624
0 0 0 0 0 0 0 0 0 1585910277.284628649
0 0 0 0 0 0 0 0 0 1585910277.334162610
0 0 0 0 0 0 0 0 0 1585910277.384043812
0 0 0 0 0 0 0 0 0 1585910277.434954269
0 0 0 0 0 0 0 0 0 1585910277.485036504
0 0 0 0 0 0 0 0 0 1585910277.533892004
0 0 0 0 0 0 0 0 0 1585910277.583893153
0 0 0 0 0 0 0 0 0 1585910277.633975960
0 0 0 0 0 0 0 0 0 1585910277.684969188
0 0 0 0 0 0 0 0 0 1585910277.734686241
0 0 0 0 0 0 0 0 0 1585910277.785064733
0 0 0 0 0 0 0 0 0 1585910277.834641358
0 0 0 0 0 0 0 0 0 1585910277.885018389
0 0 0 0 0 0 0 0 0 1585910277.934943797
0 0 0 0 0 0 0 0 0 1585910277.984954049
0 0 0 0 0 0 0 0 0 1585910278.034590194
0 0 0 0 0 0 0 0 0 1585910278.084917344
0 0 0 0 0 0 0 0 0 1585910278.135058750
0 0 0 0 0 0 0 0 0 1585910278.184895443
0 0 0 0 0 0 0 0 0 1585910278.235004305
0 0 0 0 0 0 0 0 0 1585910278.284818875
0 0 0 0 0 0 0 0 0 1585910278.334776240
0 0 0 0 0 0 0 0 0 1585910278.383357239
0 0 0 0 0 0 0 0 0 1585910278.435026866
0 0 0 0 0 0 0 0 0 1585910278.484701285
0 0 0 0 0 0 0 0 0 1585910278.533893568
0 0 0 0 0 0 0 0 0 1585910278.583372208
0 0 0 0 0 0 0 0 0 1585910278.634167055
0 0 0 0 0 0 0 0 0 1585910278.684374491
0 0 0 0 0 0 0 0 0 1585910278.734991696
0 0 0 0 0 0 0 0 0 1585910278.784652615
0 0 0 0 0 0 0 0 0 1585910278.834715344
0 0 0 0 0 0 0 0 0 1585910278.883918779
0 0 0 0 0 0 0 0 0 1585910278.934434897
0 0 0 0 0 0 0 0 0 1585910278.985206049
0 0 0 0 0 0 0 0 0 1585910279.035060880
0 0 0 0 0 0 0 0 0 1585910279.085107798
0 0 0 0 0 0 0 0 0 1585910279.134920440
0 0 0 0 0 0 0 0 0 1585910279.184893083
0 0 0 0 0 0 0 0 0 1585910279.234880691
0 0 0 0 0 0 0 0 0 1585910279.283681090
0 0 0 0 0 0 0 0 0 1585910279.334969638
0 0 0 0 0 0 0 0 0 1585910279.384777315
0 0 0 0 0 0 0 0 0 1585910279.434847810
0 0 0 0 0 0 0 0 0 1585910279.483863974
0 0 0 0 0 0 0 0 0 1585910279.533869526
0 0 0 0 0 0 0 0 0 1585910279.583930784
0 0 0 0 0 0 0 0 0 1585910279.634685743
0 0 0 0 0 0 0 0 0 1585910279.685039029
0 0 0 0 0 0 0 0 0 1585910279.735054523
0 0 0 0 0 0 0 0 0 1585910279.784054573
0 0 0 0 0 0 0 0 0 1585910279.834437620
0 0 0 0 0 0 0 0 0 1585910279.884952513
0 0 0 0 0 0 0 0 0 1585910279.934123539
0 0 0 0 0 0 0 0 0 1585910279.984510344
0 0 0 0 0 0 0 0 0 1585910280.034640528
0 0 0 0 0 0 0 0 0 1585910280.084785311
0 0 0 0 0 0 0 0 0 1585910280.134828595
0 0 0 0 0 0 0 0 0 1585910280.184815570
0 0 0 0 0 0 0 0 0 1585910280.233846131
0 0 0 0 0 0 0 0 0 1585910280.283938459
0 0 0 0 0 0 0 0 0 1585910280.335005958
0 0 0 0 0 0 0 0 0 1585910280.384933664
0 0 0 0 0 0 0 0 0 1585910280.434003631
0 0 0 0 0 0 0 0 0 1585910280.484844815
0 0 0 0 0 0 0 0 0 1585910280.534953278
0 0 0 0 0 0 0 0 0 1585910280.584928429
0 0 0 0 0 0 0 0 0 1585910280.635008878
0 0 0 0 0 0 0 0 0 1585910280.684703462
0 0 0 0 0 0 0 0 0 1585910280.734990068
0 0 0 0 0 0 0 0 0 1585910280.785078553
0 0 0 0 0 0 0 0 0 1585910280.834496526
0 0 0 0 0 0 0 0 0 1585910280.884638414
0 0 0 0 0 0 0 0 0 1585910280.934162478
0 0 0 0 0 0 0 0 0 1585910280.984315203
0 0 0 0 0 0 0 0 0 1585910281.034920342
0 0 0 0 0 0 0 0 0 1585910281.084945546
0 0 0 0 0 0 0 0 0 1585910281.134135200
0 0 0 0 0 0 0 0 0 1585910281.184021118
0 0 0 0 0 0 0 0 0 1585910281.233958379
0 0 0 0 0 0 0 0 0 1585910281.284229421
0 0 0 0 0 0 0 0 0 1585910281.333925675
0 0 0 0 0 0 0 0 0 1585910281.384816716
0 0 0 0 0 0 0 0 0 1585910281.434965967
0 0 0 0 0 0 0 0 0 1585910281.484558653
0 0 0 0 0 0 0 0 0 1585910281.534892511
0 0 0 0 0 0 0 0 0 1585910281.583621650
0 0 0 0 0 0 0 0 0 1585910281.634436775
0 0 0 0 0 0 0 0 0 1585910281.683901438
0 0 0 0 0 0 0 0 0 1585910281.733612461
0 0 0 0 0 0 0 0 0 1585910281.785148885
0 0 0 0 0 0 0 0 0 1585910281.834109209
0 0 0 0 0 0 0 0 0 1585910281.883954048
0 0 0 0 0 0 0 0 0 1585910281.935156720
0 0 0 0 0 0 0 0 0 1585910281.984932376
0 0 0 0 0 0 0 0 0 1585910282.034092553
0 0 0 0 0 0 0 0 0 1585910282.084112108
0 0 0 0 0 0 0 0 0 1585910282.127754211
0 0 0 0 0 0 0 0 0 1585910282.184421307
0 0 0 0 0 0 0 0 0 1585910282.234251314
0 0 0 0 0 0 0 0 0 1585910282.283918803
0 0 0 0 0 0 0 0 0 1585910282.334896787
